Karamadai 1: 309,4, 309,3, 310,2, 310,1, 312,0, 316,0, 316,8, 317,10, 322,9, 323,12, 322,13, 322,14, 323,16, 323,17, 324,18, 320,26, 312,29, 300,30, 296,38, 294,43, 287,51, 285,57, 284,57, 280,59, 271,60, 264,61, 261,64, 255,68, 243,68, 234,75, 227,80, 225,82, 224,85, 218,88, 205,92, 195,96, 195,93, 194,91, 192,91, 189,92, 186,89, 185,86, 183,86, 183,87, 184,88, 183,89, 181,89, 180,86, 179,85, 177,81, 178,78, 180,78, 181,76, 184,73, 187,74, 189,72, 188,69, 188,67, 191,64, 190,63, 189,64, 189,62, 185,60, 181,56, 179,55, 179,51, 182,48, 182,49, 183,50, 187,52, 190,54, 192,54, 194,52, 196,52, 198,50, 202,48, 202,43, 201,41, 202,40, 205,40, 207,42, 209,43, 210,42, 212,38, 215,37, 217,38, 218,39, 223,39, 227,40, 228,38, 231,38, 232,37, 232,35, 233,34, 233,32, 232,31, 232,29, 231,26, 229,24, 229,22, 230,23, 231,22, 231,21, 234,20, 236,18, 238,18, 239,16, 242,19, 242,17, 243,16, 243,14, 247,15, 247,19, 251,19, 252,17, 253,18, 253,15, 255,16, 257,16, 262,15, 263,15, 264,13, 262,13, 260,14, 258,13, 258,12, 257,12, 257,10, 258,10, 259,11, 261,10, 262,11, 263,10, 266,9, 267,8, 271,7, 272,9, 273,9, 274,8, 276,9, 278,11, 279,11, 281,12, 285,13, 286,12, 288,12, 287,8, 287,7, 288,6, 289,7, 290,7, 291,5, 294,3, 296,2, 297,2, 299,1, 300,2, 301,2, 302,1, 303,2, 302,8, 305,6, 306,7, 309,5, 310,5, 309,4
Sarcarsamakulam 4: 281,72, 282,74, 287,80, 296,88, 306,96, 310,101, 301,107, 297,118, 296,125, 296,128, 289,129, 288,130, 289,126, 289,123, 288,117, 287,117, 276,120, 268,121, 267,120, 267,116, 266,110, 266,99, 267,89, 269,81, 277,74, 281,72
Thondamuthur 5: 211,123, 220,121, 227,126, 239,127, 242,125, 248,126, 257,125, 260,126, 260,136, 264,139, 261,146, 259,155, 257,162, 256,164, 245,164, 240,171, 240,177, 238,180, 235,180, 233,176, 229,175, 221,179, 213,177, 211,177, 207,173, 205,173, 203,174, 199,172, 195,172, 193,173, 192,172, 192,171, 190,171, 180,166, 177,166, 174,165, 166,160, 165,159, 164,157, 167,156, 168,154, 167,153, 169,147, 175,140, 175,138, 176,136, 175,134, 179,128, 182,126, 184,123, 186,123, 193,124, 197,125, 201,125, 210,124, 211,123
Anamalai 6: 236,242, 245,243, 258,247, 265,248, 265,252, 267,262, 269,269, 281,269, 283,274, 289,274, 294,275, 297,278, 298,282, 304,282, 304,283, 305,285, 305,287, 306,292, 305,298, 302,305, 304,309, 303,312, 295,322, 295,324, 296,326, 305,335, 310,341, 311,351, 311,368, 308,370, 306,372, 304,373, 301,373, 301,374, 302,375, 299,377, 295,378, 298,381, 297,386, 294,387, 290,388, 289,388, 289,389, 286,390, 284,392, 282,392, 282,393, 281,394, 279,395, 277,395, 275,397, 274,399, 273,398, 271,397, 270,396, 266,394, 263,395, 259,392, 258,392, 257,393, 253,394, 252,394, 250,393, 250,391, 247,391, 248,389, 247,388, 245,383, 242,383, 240,380, 237,379, 237,374, 238,372, 236,372, 233,374, 230,374, 230,376, 229,376, 227,374, 226,371, 225,371, 223,370, 223,368, 224,364, 225,362, 225,357, 226,356, 228,353, 228,351, 229,348, 229,347, 227,344, 225,343, 221,339, 224,337, 224,335, 223,334, 221,334, 220,331, 219,330, 222,322, 223,308, 223,304, 225,300, 227,293, 227,291, 224,289, 225,287, 226,283, 226,282, 225,281, 225,279, 226,276, 226,272, 224,271, 221,272, 219,270, 219,265, 218,265, 217,263, 218,261, 218,259, 231,259, 234,260, 236,259, 240,258, 241,254, 240,250, 239,249, 240,247, 240,246, 239,245, 237,245, 235,243, 235,242, 236,242
Annur 13: 324,18, 326,24, 330,24, 333,26, 335,31, 333,35, 330,37, 328,40, 329,45, 332,53, 332,62, 331,66, 327,70, 316,75, 318,83, 324,87, 325,92, 319,97, 313,99, 310,101, 306,96, 296,88, 287,80, 282,74, 281,72, 283,67, 284,60, 284,57, 285,57, 287,51, 294,43, 296,38, 300,30, 312,29, 320,26, 324,18
Periyanayakkanpalayam 3: 284,57, 284,60, 283,67, 281,72, 277,74, 269,81, 267,89, 266,99, 266,110, 267,116, 267,120, 268,121, 276,120, 287,117, 288,117, 289,123, 289,126, 288,130, 283,133, 272,130, 262,126, 260,126, 257,125, 248,126, 242,125, 239,127, 227,126, 220,121, 211,123, 213,119, 213,118, 212,117, 207,122, 205,123, 203,122, 200,120, 199,118, 194,118, 194,112, 198,110, 198,107, 197,105, 195,105, 193,102, 194,100, 195,99, 196,97, 195,96, 205,92, 218,88, 224,85, 225,82, 227,80, 234,75, 243,68, 255,68, 261,64, 264,61, 271,60, 280,59, 284,57
Sulur 17: 331,66, 331,67, 336,76, 338,83, 339,85, 344,85, 349,87, 357,89, 367,89, 373,91, 374,91, 368,96, 361,100, 359,101, 352,106, 340,114, 339,120, 342,127, 338,129, 334,132, 333,133, 331,138, 326,138, 323,137, 318,141, 310,142, 303,144, 302,149, 300,146, 298,144, 297,141, 296,137, 296,125, 297,118, 301,107, 313,99, 319,97, 325,92, 324,87, 318,83, 316,75, 327,70, 331,66
Sultanpet 18: 302,149, 303,144, 310,142, 318,141, 323,137, 326,138, 331,138, 333,133, 334,132, 347,135, 356,138, 372,142, 382,147, 385,149, 384,150, 381,148, 373,147, 367,150, 363,158, 365,164, 370,175, 377,182, 378,184, 377,185, 376,187, 376,191, 377,192, 377,194, 379,195, 379,196, 380,199, 378,200, 376,199, 375,201, 374,202, 372,203, 372,205, 371,206, 351,206, 351,203, 350,199, 343,200, 341,201, 340,202, 340,199, 339,193, 336,185, 328,181, 322,176, 320,173, 312,174, 300,176, 299,176, 299,175, 300,170, 301,163, 301,152, 302,149
Madukkarai 2: 256,164, 257,162, 259,155, 261,146, 264,139, 260,136, 260,126, 262,126, 272,130, 283,133, 288,130, 289,129, 296,128, 296,137, 297,141, 298,144, 300,146, 302,149, 301,152, 301,163, 300,170, 299,175, 299,176, 295,179, 290,183, 282,188, 271,193, 254,197, 242,200, 236,201, 234,198, 229,198, 228,195, 231,192, 229,188, 227,186, 225,185, 224,184, 223,181, 221,179, 229,175, 233,176, 235,180, 238,180, 240,177, 240,171, 245,164, 256,164
Kinathukadavu 8: 242,200, 254,197, 271,193, 282,188, 290,183, 295,179, 299,176, 300,176, 312,174, 320,173, 322,176, 328,181, 336,185, 339,193, 340,199, 340,202, 337,205, 334,210, 329,217, 329,218, 328,219, 323,223, 319,227, 312,228, 312,232, 315,237, 315,239, 312,240, 306,238, 294,236, 293,231, 290,225, 283,224, 275,218, 274,210, 273,210, 266,213, 254,215, 248,215, 248,212, 249,210, 247,203, 246,201, 243,200, 242,200
Pollachi North 10: 236,242, 237,241, 237,239, 238,236, 241,232, 244,232, 243,230, 243,225, 245,222, 245,220, 246,218, 247,217, 248,215, 254,215, 266,213, 273,210, 274,210, 275,218, 283,224, 290,225, 293,231, 294,236, 306,238, 312,240, 315,239, 315,237, 312,232, 312,228, 319,227, 323,223, 328,219, 329,218, 330,223, 330,233, 327,243, 327,244, 325,245, 318,248, 311,252, 303,252, 294,247, 283,245, 272,246, 265,248, 258,247, 245,243, 236,242
Pollachi South 11: 327,244, 327,245, 330,246, 337,250, 341,253, 342,256, 341,259, 340,265, 331,270, 320,272, 312,274, 309,277, 305,282, 298,282, 297,278, 294,275, 289,274, 283,274, 281,269, 269,269, 267,262, 265,252, 265,248, 272,246, 283,245, 294,247, 303,252, 311,252, 318,248, 325,245, 327,244
