Marungapuri 5: 221,365
Marungapuri 5: 238,313, 239,315, 238,319, 237,321, 242,322, 242,330, 244,331, 251,331, 253,330, 254,329, 255,327, 256,327, 256,325, 257,324, 258,322, 257,321, 257,320, 255,320, 255,316, 257,314, 258,315, 259,314, 260,317, 261,319, 262,320, 265,320, 268,319, 268,318, 269,319, 270,318, 271,318, 272,317, 272,322, 268,329, 271,331, 274,332, 274,333, 275,334, 275,337, 274,338, 274,340, 273,341, 273,346, 270,345, 266,345, 266,347, 265,350, 266,350, 266,351, 262,351, 262,349, 255,349, 252,348, 250,350, 250,353, 249,355, 249,358, 252,359, 254,363, 251,369, 249,370, 249,371, 248,371, 246,370, 246,365, 240,365, 240,363, 233,360, 230,359, 228,358, 224,358, 223,359, 221,363, 221,367, 222,368, 223,368, 223,369, 224,369, 225,370, 224,371, 220,374, 212,374, 210,376, 209,376, 207,377, 204,377, 204,378, 206,380, 209,381, 208,382, 206,386, 206,388, 205,388, 204,391, 202,391, 200,393, 197,394, 197,397, 196,397, 194,399, 183,396, 184,392, 185,387, 182,384, 180,383, 179,381, 177,379, 175,379, 173,378, 170,375, 168,375, 166,372, 164,371, 164,369, 163,367, 164,365, 167,364, 167,360, 169,360, 171,359, 174,356, 174,352, 176,350, 176,347, 175,346, 173,345, 170,343, 164,342, 159,340, 158,340, 161,335, 165,331, 171,328, 182,331, 190,331, 194,328, 197,331, 208,336, 212,337, 217,335, 221,333, 225,327, 229,322, 234,316, 237,313, 238,313
Thiruverambur 3: 323,216, 325,216, 334,215, 344,212, 353,208, 356,209, 374,207, 375,208, 375,210, 376,212, 374,213, 374,216, 376,216, 375,218, 376,222, 379,221, 379,225, 378,226, 377,228, 377,231, 375,232, 376,236, 376,238, 375,240, 374,241, 375,248, 376,251, 376,255, 377,257, 374,257, 372,256, 368,257, 368,256, 364,256, 361,255, 358,255, 358,258, 357,258, 355,260, 355,262, 354,263, 352,263, 352,262, 353,261, 352,260, 351,260, 350,262, 351,263, 350,266, 351,266, 351,268, 350,268, 349,270, 347,272, 344,271, 341,271, 341,270, 337,270, 335,271, 335,273, 332,274, 330,270, 330,267, 328,265, 328,260, 329,259, 331,259, 331,254, 330,254, 330,250, 328,249, 325,249, 322,239, 317,232, 314,227, 312,223, 309,218, 311,218, 313,217, 318,217, 323,216
Manikandam 2: 266,227, 280,227, 284,224, 291,217, 295,215, 306,216, 309,218, 312,223, 314,227, 317,232, 322,239, 325,249, 323,248, 322,248, 320,245, 318,245, 318,242, 317,242, 313,241, 311,241, 310,243, 312,247, 312,250, 313,251, 313,254, 308,259, 309,262, 309,264, 307,264, 303,263, 303,268, 301,269, 298,269, 298,267, 299,265, 299,262, 298,260, 299,257, 300,252, 295,252, 292,250, 289,251, 288,254, 287,256, 288,258, 288,260, 287,262, 286,262, 284,260, 282,261, 281,263, 277,268, 275,268, 272,267, 267,267, 267,263, 268,260, 264,258, 262,258, 260,262, 256,262, 255,263, 254,261, 251,252, 250,251, 257,245, 261,238, 267,232, 266,227
Manapparai 4: 219,259, 224,259, 232,258, 241,256, 248,253, 250,251, 251,252, 254,261, 255,263, 255,264, 253,264, 252,262, 250,265, 250,266, 251,266, 251,267, 250,268, 250,271, 251,272, 253,272, 253,279, 246,277, 242,276, 237,275, 235,277, 233,278, 233,279, 232,280, 230,283, 228,283, 228,285, 227,286, 225,287, 225,289, 226,289, 226,292, 227,292, 228,293, 228,295, 227,296, 230,298, 229,303, 230,304, 230,307, 231,308, 230,309, 237,310, 238,313, 237,313, 234,316, 229,322, 225,327, 221,333, 217,335, 212,337, 208,336, 197,331, 194,328, 188,324, 185,321, 187,320, 194,315, 201,308, 202,302, 206,296, 208,287, 213,284, 217,277, 219,267, 219,259
Vaiyampatti 6: 190,253, 197,252, 202,251, 208,256, 215,259, 219,259, 219,267, 217,277, 213,284, 208,287, 206,296, 202,302, 201,308, 194,315, 187,320, 185,321, 188,324, 194,328, 190,331, 182,331, 171,328, 165,331, 161,335, 158,340, 155,340, 153,338, 151,337, 148,336, 144,338, 141,336, 138,335, 136,332, 135,331, 136,330, 132,326, 128,324, 125,324, 127,320, 129,317, 132,310, 136,308, 141,310, 153,314, 165,308, 166,307, 165,294, 169,287, 168,280, 169,274, 168,269, 171,260, 172,250, 174,244, 178,242, 179,247, 179,252, 183,254, 188,253, 190,253
Lalgudi 7: 355,155, 358,156, 366,162, 380,167, 392,175, 400,181, 401,187, 400,188, 401,189, 399,191, 396,193, 394,194, 390,195, 385,196, 375,200, 370,201, 357,204, 347,204, 343,206, 343,208, 346,207, 348,208, 351,209, 352,208, 353,208, 344,212, 334,215, 325,216, 323,216, 322,205, 323,195, 324,193, 326,188, 328,182, 330,175, 334,172, 343,174, 346,175, 350,169, 353,164, 355,155
Pullambadi 9: 362,118, 369,120, 374,118, 381,116, 392,116, 397,115, 403,112, 408,113, 413,116, 418,120, 420,124, 422,126, 425,131, 427,139, 426,148, 425,151, 421,154, 412,156, 404,159, 401,163, 402,163, 408,165, 410,166, 412,166, 417,168, 422,174, 424,178, 420,183, 420,184, 413,185, 410,185, 408,184, 401,187, 400,181, 392,175, 380,167, 366,162, 358,156, 355,155, 358,152, 364,150, 365,148, 366,144, 365,140, 360,134, 358,127, 362,118
Andanallur 1: 234,180, 238,181, 250,183, 266,183, 274,184, 280,185, 286,187, 306,193, 314,194, 321,193, 324,193, 323,195, 322,205, 323,216, 318,217, 313,217, 311,218, 309,218, 306,216, 295,215, 291,217, 284,224, 280,227, 266,227, 266,224, 264,219, 267,215, 269,207, 269,206, 267,198, 264,191, 260,189, 251,188, 242,189, 237,188, 235,185, 234,180
Manachanellur 8: 327,125, 328,125, 331,124, 332,119, 331,112, 334,109, 346,105, 349,105, 354,114, 359,118, 362,118, 358,127, 360,134, 365,140, 366,144, 365,148, 364,150, 358,152, 355,155, 353,164, 350,169, 346,175, 343,174, 334,172, 330,175, 328,182, 326,188, 324,193, 321,193, 314,194, 306,193, 286,187, 280,185, 274,184, 277,180, 280,179, 282,177, 286,171, 290,167, 294,161, 299,158, 307,153, 306,145, 302,136, 306,132, 313,136, 320,138, 326,134, 327,127, 327,125
Turaiyur 13: 302,11, 300,9, 303,9, 307,11, 305,18, 298,23, 294,29, 294,31, 301,30, 312,29, 320,30, 328,32, 331,35, 332,42, 323,54, 319,57, 318,66, 318,72, 317,75, 317,76, 312,79, 308,81, 305,84, 301,89, 299,91, 300,93, 309,95, 311,100, 313,104, 307,106, 303,108, 306,110, 306,111, 303,117, 296,122, 285,126, 279,128, 275,129, 267,130, 260,131, 253,131, 252,128, 248,123, 244,117, 241,110, 237,99, 237,95, 240,95, 247,91, 256,90, 263,84, 265,78, 265,74, 272,69, 281,66, 286,61, 287,55, 291,48, 292,45, 285,44, 280,42, 280,40, 281,34, 280,30, 278,27, 279,26, 282,24, 284,24, 285,25, 287,25, 289,24, 294,22, 297,19, 298,16, 300,14, 302,11
Thottiam 11: 152,112, 158,121, 159,120, 160,120, 162,118, 168,118, 170,120, 180,125, 180,128, 181,128, 181,134, 182,135, 187,136, 189,132, 192,133, 203,135, 209,139, 215,147, 214,154, 213,157, 213,158, 212,163, 211,165, 203,165, 192,162, 179,163, 173,165, 161,166, 149,166, 138,162, 137,162, 133,154, 129,144, 127,140, 128,140, 129,139, 133,137, 135,135, 134,134, 134,129, 131,130, 129,131, 126,130, 122,130, 124,126, 129,121, 133,123, 134,122, 135,122, 136,119, 140,122, 142,122, 143,123, 143,125, 145,126, 146,125, 146,123, 148,121, 147,116, 146,114, 146,112, 152,112
Tattayyangarpettai 12: 199,84, 199,82, 202,82, 200,78, 203,78, 207,76, 210,75, 212,71, 216,72, 223,77, 229,81, 236,80, 239,80, 238,87, 237,95, 237,99, 241,110, 244,117, 248,123, 252,128, 253,131, 250,136, 245,142, 243,145, 241,146, 236,145, 232,147, 234,151, 236,154, 233,157, 227,158, 219,158, 213,157, 214,154, 215,147, 209,139, 203,135, 192,133, 189,132, 189,128, 192,129, 193,127, 193,123, 190,121, 189,120, 188,118, 185,117, 185,113, 184,112, 182,112, 180,110, 181,109, 184,108, 185,107, 186,105, 188,102, 187,98, 188,96, 189,97, 194,96, 196,96, 198,97, 199,95, 201,95, 200,88, 199,84
Uppiliapuram 14: 224,22, 228,24, 229,23, 227,22, 227,19, 229,16, 232,7, 235,7, 236,6, 237,6, 237,4, 238,3, 238,0, 242,0, 244,2, 245,4, 246,4, 246,7, 245,9, 247,9, 249,8, 250,10, 252,12, 256,14, 258,14, 260,15, 262,17, 262,24, 263,26, 263,29, 262,30, 263,32, 271,32, 272,28, 273,27, 276,28, 278,27, 280,30, 281,34, 280,40, 280,42, 285,44, 292,45, 291,48, 287,55, 286,61, 281,66, 272,69, 265,74, 265,78, 263,84, 256,90, 247,91, 240,95, 237,95, 238,87, 239,80, 236,80, 229,81, 223,77, 216,72, 212,71, 214,69, 215,66, 216,66, 217,60, 221,53, 221,49, 223,48, 225,45, 225,43, 227,37, 228,36, 230,36, 230,35, 231,33, 230,31, 227,28, 227,27, 225,27, 225,26, 224,24, 224,22
Musiri 10: 313,104, 315,110, 318,116, 317,122, 321,124, 327,125, 327,127, 326,134, 320,138, 313,136, 306,132, 302,136, 306,145, 307,153, 299,158, 294,161, 290,167, 286,171, 282,177, 280,179, 277,180, 274,184, 266,183, 250,183, 238,181, 234,180, 234,173, 231,172, 221,168, 218,166, 211,165, 212,163, 213,158, 213,157, 219,158, 227,158, 233,157, 236,154, 234,151, 232,147, 236,145, 241,146, 243,145, 245,142, 250,136, 253,131, 260,131, 267,130, 275,129, 279,128, 285,126, 296,122, 303,117, 306,111, 306,110, 303,108, 307,106, 313,104
