Nagappattinam 1: 302,226, 305,217, 312,215, 319,212, 323,212, 324,211, 325,211, 326,212, 326,247, 327,255, 327,256, 320,256, 320,257, 319,263, 313,261, 312,254, 308,258, 302,258, 295,257, 294,257, 298,248, 299,240, 300,237, 302,229, 302,226
Kilvelur 3: 288,215, 291,215, 295,218, 298,221, 302,226, 302,229, 300,237, 299,240, 298,248, 294,257, 289,257, 287,263, 292,267, 292,271, 287,276, 279,278, 278,278, 278,276, 273,271, 268,270, 267,269, 267,268, 266,265, 266,256, 269,251, 271,246, 274,238, 277,236, 283,228, 287,222, 288,216, 288,215
Keelaiyur 2: 294,257, 295,257, 302,258, 308,258, 312,254, 313,261, 319,263, 320,257, 320,256, 327,256, 327,258, 328,258, 328,267, 329,289, 329,303, 327,304, 320,305, 308,301, 295,294, 284,291, 278,283, 278,278, 279,278, 287,276, 292,271, 292,267, 287,263, 289,257, 294,257
Vedaranniyam 6: 262,333, 266,331, 269,329, 271,326, 271,325, 277,327, 288,329, 296,331, 306,329, 312,334, 315,335, 320,332, 327,331, 331,331, 331,348, 332,350, 332,363, 333,375, 334,378, 334,381, 335,384, 335,386, 336,387, 336,393, 335,394, 330,394, 322,396, 320,396, 310,398, 308,399, 305,399, 304,398, 304,394, 303,393, 303,392, 301,391, 298,388, 296,387, 294,385, 292,385, 287,383, 286,382, 286,381, 284,379, 280,379, 278,378, 277,378, 276,375, 275,371, 273,369, 270,367, 266,364, 261,364, 256,361, 253,360, 251,358, 250,355, 251,352, 251,347, 253,342, 256,336, 259,335, 262,333
Talanayar 5: 268,270, 273,271, 278,276, 278,283, 284,291, 295,294, 308,301, 320,305, 327,304, 329,303, 329,314, 330,322, 330,325, 331,329, 331,331, 327,331, 320,332, 315,335, 312,334, 306,329, 296,331, 288,329, 277,327, 271,325, 273,319, 271,317, 270,314, 271,308, 274,306, 275,302, 274,299, 268,295, 267,291, 267,286, 269,283, 270,279, 269,273, 268,270
Sirkazhi 10: 265,75, 268,74, 273,66, 276,62, 282,63, 290,62, 295,60, 299,60, 304,64, 311,64, 313,69, 319,70, 326,70, 327,75, 327,78, 328,94, 329,106, 329,107, 318,103, 309,100, 293,98, 290,95, 291,87, 289,88, 284,90, 280,92, 279,92, 274,93, 267,94, 265,92, 264,83, 265,78, 265,75
Kollidam 11: 281,27, 284,25, 286,25, 295,24, 295,22, 294,17, 295,15, 296,14, 298,14, 301,15, 303,17, 305,17, 309,15, 310,13, 311,10, 312,4, 313,0, 314,1, 314,6, 315,8, 317,19, 317,20, 316,20, 314,18, 313,18, 313,17, 312,18, 311,18, 311,17, 309,15, 309,16, 308,16, 308,18, 309,19, 312,20, 313,22, 313,25, 312,25, 312,26, 314,26, 315,23, 322,23, 322,26, 321,31, 320,32, 320,38, 321,40, 321,48, 322,48, 324,59, 325,60, 326,70, 319,70, 313,69, 311,64, 304,64, 299,60, 295,60, 290,62, 282,63, 276,62, 273,66, 268,74, 265,75, 264,75, 261,72, 255,61, 254,60, 256,59, 256,56, 254,48, 255,44, 257,42, 261,40, 266,40, 266,39, 273,35, 281,27
Sembanar Koil 9: 279,92, 280,92, 284,90, 289,88, 291,87, 290,95, 293,98, 309,100, 318,103, 329,107, 329,114, 328,116, 327,116, 327,118, 328,120, 328,142, 327,148, 327,150, 326,149, 323,148, 323,145, 319,145, 319,147, 316,147, 315,146, 315,145, 313,146, 313,147, 312,147, 311,148, 311,150, 309,152, 306,152, 305,151, 305,148, 302,148, 301,147, 298,148, 296,147, 295,146, 293,145, 291,145, 290,146, 290,147, 291,149, 290,151, 293,151, 293,152, 295,152, 293,154, 293,156, 295,157, 296,158, 294,158, 290,154, 288,153, 286,151, 282,149, 281,149, 282,147, 284,145, 290,138, 291,132, 286,125, 281,123, 274,120, 274,116, 276,109, 278,98, 279,92
Mayiladuthurai 7: 254,60, 255,61, 261,72, 264,75, 265,75, 265,78, 264,83, 265,92, 267,94, 274,93, 279,92, 278,98, 276,109, 274,116, 274,120, 281,123, 286,125, 291,132, 290,138, 284,145, 282,147, 281,149, 278,148, 271,146, 261,145, 259,145, 257,140, 253,134, 250,132, 250,125, 251,121, 248,118, 241,114, 241,113, 240,111, 223,111, 219,112, 221,107, 223,105, 224,95, 221,90, 219,88, 216,82, 216,81, 223,76, 229,74, 236,72, 239,71, 241,68, 243,64, 243,59, 245,58, 247,58, 250,61, 252,61, 254,60
Kuttalam 8: 214,138, 213,136, 213,133, 215,131, 219,124, 218,116, 219,112, 223,111, 240,111, 241,113, 241,114, 248,118, 251,121, 250,125, 250,132, 253,134, 257,140, 259,145, 255,147, 248,151, 246,155, 237,156, 229,157, 223,159, 217,160, 213,161, 214,157, 215,152, 215,148, 214,143, 214,138
Thirumarugal 4: 265,185, 268,183, 272,181, 277,179, 282,179, 284,178, 288,174, 289,174, 290,175, 289,176, 295,176, 295,177, 294,177, 294,181, 295,182, 296,180, 295,178, 296,177, 297,179, 298,180, 298,182, 299,182, 301,181, 301,178, 305,179, 306,182, 306,183, 304,183, 303,184, 303,185, 305,185, 306,184, 308,185, 310,185, 312,186, 315,185, 318,187, 318,188, 312,188, 311,189, 313,190, 316,190, 317,192, 317,193, 316,194, 314,195, 313,195, 312,193, 311,194, 313,198, 316,198, 317,200, 317,199, 319,199, 319,205, 321,206, 326,206, 326,207, 325,209, 325,210, 322,210, 321,211, 321,212, 319,212, 312,215, 305,217, 302,226, 298,221, 295,218, 291,215, 288,215, 288,214, 285,210, 280,209, 266,209, 265,208, 262,207, 262,206, 261,202, 262,197, 262,191, 264,186, 265,185
