Tirupparangunram 3: 285,181, 285,180, 290,178, 293,179, 306,179, 308,177, 309,177, 313,181, 327,188, 331,194, 332,197, 335,196, 337,196, 342,197, 349,197, 365,195, 377,195, 386,202, 386,203, 384,203, 381,208, 377,215, 382,217, 392,222, 396,226, 399,232, 399,233, 396,232, 395,234, 394,235, 389,233, 387,235, 386,235, 384,237, 382,234, 380,233, 377,232, 373,232, 372,234, 370,233, 369,235, 369,238, 370,242, 370,245, 362,243, 360,243, 358,245, 355,243, 355,245, 356,247, 355,249, 358,252, 359,256, 358,265, 362,267, 364,266, 370,261, 372,258, 375,258, 378,257, 380,257, 389,266, 391,269, 389,273, 387,276, 386,279, 384,284, 383,287, 382,288, 380,286, 376,287, 375,286, 375,283, 378,282, 380,278, 379,274, 376,273, 374,271, 371,270, 366,269, 364,269, 363,272, 363,274, 365,276, 365,281, 363,283, 362,285, 361,289, 362,293, 359,291, 356,292, 356,289, 352,286, 346,280, 342,281, 341,283, 337,283, 336,285, 339,287, 343,290, 343,293, 342,296, 337,296, 333,294, 332,295, 330,288, 326,275, 324,273, 320,264, 317,250, 316,243, 310,239, 300,228, 297,219, 295,209, 298,192, 296,189, 291,185, 289,183, 286,182, 285,181
Kottampatti 5: 498,20, 499,20, 503,18, 506,20, 508,20, 509,19, 512,21, 514,22, 514,28, 506,30, 504,32, 499,34, 499,36, 498,40, 500,45, 503,46, 505,47, 508,52, 508,54, 506,57, 504,59, 503,65, 499,70, 499,74, 501,75, 501,77, 509,80, 509,82, 506,85, 505,88, 503,92, 507,93, 510,94, 510,95, 511,97, 513,95, 516,95, 516,99, 517,100, 519,98, 519,93, 521,95, 520,97, 516,107, 511,118, 504,133, 493,139, 470,142, 457,139, 453,125, 456,116, 452,115, 442,111, 435,109, 431,107, 432,107, 433,104, 434,100, 433,98, 433,96, 437,96, 438,92, 439,86, 439,80, 438,78, 435,77, 426,80, 424,78, 425,76, 427,75, 430,72, 436,68, 448,61, 456,54, 459,51, 463,45, 463,42, 462,40, 462,38, 463,36, 465,34, 464,32, 462,26, 464,24, 464,22, 463,20, 463,13, 464,12, 467,11, 467,10, 465,8, 466,5, 482,9, 484,6, 487,5, 486,1, 491,0, 494,4, 496,4, 496,7, 494,9, 494,10, 493,10, 492,9, 491,10, 491,11, 494,13, 494,16, 493,18, 492,19, 493,20, 494,20, 494,21, 495,21, 497,20, 498,20
Melur 4: 411,123, 416,123, 420,120, 426,120, 427,116, 427,112, 428,109, 430,107, 431,107, 435,109, 442,111, 452,115, 456,116, 453,125, 457,139, 470,142, 493,139, 504,133, 511,118, 516,107, 520,97, 521,95, 523,96, 524,96, 529,102, 531,102, 533,99, 535,99, 536,101, 539,102, 540,104, 538,108, 537,109, 532,112, 532,114, 533,117, 532,122, 535,124, 534,128, 531,128, 529,133, 525,134, 522,134, 519,135, 517,137, 517,141, 518,143, 519,146, 523,147, 526,148, 526,149, 528,153, 532,156, 534,160, 533,164, 533,165, 532,170, 529,171, 528,172, 531,175, 532,183, 522,186, 498,191, 493,190, 489,185, 487,188, 487,199, 486,201, 481,201, 478,198, 476,199, 473,199, 469,200, 466,202, 462,204, 458,207, 455,219, 457,223, 457,228, 456,230, 456,233, 455,234, 455,238, 447,240, 444,239, 442,235, 438,236, 436,235, 435,236, 434,236, 433,229, 434,219, 437,210, 435,201, 430,194, 430,188, 434,181, 436,171, 431,170, 423,167, 424,158, 428,141, 425,140, 413,131, 413,129, 411,123
Madurai East 1: 386,203, 389,202, 391,200, 394,207, 395,196, 398,188, 401,172, 398,162, 397,142, 400,137, 407,134, 413,129, 413,131, 425,140, 428,141, 424,158, 423,167, 431,170, 436,171, 434,181, 430,188, 430,194, 435,201, 437,210, 434,219, 433,229, 434,236, 423,234, 429,242, 431,246, 428,248, 426,254, 422,254, 416,248, 420,241, 413,239, 410,238, 408,240, 407,238, 400,234, 399,233, 399,232, 396,226, 392,222, 382,217, 377,215, 381,208, 384,203, 386,203
Madurai West 2: 411,123, 413,129, 407,134, 400,137, 397,142, 398,162, 401,172, 398,188, 395,196, 394,207, 391,200, 389,202, 386,203, 386,202, 377,195, 365,195, 349,197, 342,197, 337,196, 335,196, 332,197, 331,194, 327,188, 313,181, 309,177, 308,177, 309,175, 308,167, 308,159, 309,153, 311,151, 318,145, 331,149, 334,155, 337,160, 344,163, 350,159, 361,153, 362,147, 370,136, 384,123, 387,119, 390,120, 396,123, 395,128, 401,131, 403,125, 408,123, 411,123
Alanganallur 7: 352,64, 353,65, 357,65, 363,68, 367,72, 367,73, 372,83, 372,89, 375,90, 375,98, 373,104, 373,106, 374,109, 378,111, 378,116, 383,116, 387,119, 384,123, 370,136, 362,147, 361,153, 350,159, 344,163, 337,160, 334,155, 331,149, 318,145, 311,151, 308,150, 302,146, 296,148, 287,148, 280,144, 282,133, 279,123, 280,112, 290,105, 296,102, 309,100, 319,99, 323,92, 328,75, 329,68, 341,67, 345,67, 349,66, 350,66, 352,64
Kottampatti 5: 493,20, 493,20
Kottampatti 5: 493,20, 493,20
Kottampatti 5: 494,10
Kottampatti 5: 496,5, 496,5
Usilampatti 8: 217,128, 219,129, 221,134, 223,137, 216,140, 206,144, 203,148, 213,150, 218,154, 215,162, 217,168, 210,173, 205,174, 204,177, 202,193, 200,211, 198,222, 197,225, 196,225, 184,226, 176,233, 168,239, 156,238, 152,232, 150,219, 150,209, 148,205, 137,199, 129,198, 127,197, 129,194, 126,192, 127,189, 133,183, 138,179, 141,171, 145,161, 146,150, 146,149, 149,147, 155,141, 160,141, 159,139, 161,136, 167,138, 171,139, 176,136, 178,134, 179,132, 188,129, 193,130, 196,128, 201,126, 209,125, 213,125, 216,126, 217,128
Sedapatti 10: 121,205, 127,197, 129,198, 137,199, 148,205, 150,209, 150,219, 152,232, 156,238, 168,239, 176,233, 184,226, 196,225, 197,225, 198,222, 222,247, 214,257, 201,268, 191,280, 188,284, 171,302, 157,309, 149,317, 142,325, 140,329, 133,324, 133,328, 131,331, 128,331, 127,330, 128,327, 124,328, 125,330, 119,334, 119,338, 117,338, 116,336, 110,338, 106,336, 105,337, 104,337, 104,336, 101,336, 101,334, 102,333, 101,331, 101,329, 100,327, 99,328, 98,327, 99,325, 98,325, 97,323, 93,325, 91,324, 90,322, 86,325, 86,326, 83,327, 82,329, 79,327, 75,330, 75,333, 73,333, 73,334, 70,337, 66,344, 62,343, 61,345, 60,346, 57,347, 54,349, 51,353, 47,356, 44,355, 44,353, 45,351, 45,349, 43,347, 40,349, 39,351, 38,351, 37,352, 34,354, 34,356, 31,359, 30,361, 31,363, 28,373, 28,374, 26,378, 24,378, 23,380, 19,386, 20,389, 19,392, 17,394, 15,395, 13,395, 12,396, 12,397, 10,399, 9,396, 12,384, 16,372, 24,360, 37,348, 46,336, 50,323, 60,307, 71,297, 78,289, 92,279, 97,271, 96,262, 94,251, 97,244, 102,235, 106,227, 115,210, 121,205
Chellampatti 9: 223,137, 227,142, 234,147, 243,153, 255,162, 266,172, 277,180, 286,182, 286,184, 287,189, 280,201, 274,202, 260,204, 247,207, 234,215, 231,229, 226,243, 222,247, 198,222, 200,211, 202,193, 204,177, 205,174, 210,173, 217,168, 215,162, 218,154, 213,150, 203,148, 206,144, 216,140, 223,137
Vadipatti 6: 262,90, 269,94, 271,95, 274,95, 276,94, 281,89, 284,84, 287,80, 297,80, 298,77, 300,74, 303,69, 306,70, 317,69, 326,70, 326,68, 329,68, 328,75, 323,92, 319,99, 309,100, 296,102, 290,105, 280,112, 279,123, 282,133, 280,144, 287,148, 296,148, 302,146, 308,150, 311,151, 309,153, 308,159, 308,167, 309,175, 308,177, 306,179, 293,179, 290,178, 285,180, 285,181, 286,182, 277,180, 266,172, 255,162, 243,153, 234,147, 227,142, 223,137, 221,134, 224,131, 226,130, 228,130, 229,128, 231,127, 234,128, 237,128, 238,126, 240,125, 245,126, 246,124, 245,122, 244,121, 255,119, 255,117, 259,117, 258,115, 254,114, 254,108, 256,107, 257,104, 260,101, 261,97, 263,97, 263,95, 261,95, 259,94, 262,90
Tirumangalam 11: 286,182, 289,183, 291,185, 296,189, 298,192, 295,209, 297,219, 300,228, 310,239, 316,243, 317,250, 320,264, 324,273, 320,276, 307,284, 292,286, 280,284, 275,282, 275,278, 271,271, 268,270, 260,267, 251,271, 248,278, 233,282, 201,280, 191,280, 201,268, 214,257, 222,247, 226,243, 231,229, 234,215, 247,207, 260,204, 274,202, 280,201, 287,189, 286,184, 286,182
T.Kallupatti 12: 191,280, 201,280, 233,282, 248,278, 251,271, 260,267, 268,270, 264,277, 264,291, 279,302, 283,306, 267,317, 255,328, 259,342, 261,354, 261,355, 260,354, 253,354, 251,355, 247,355, 246,359, 241,360, 237,363, 235,364, 235,366, 233,366, 233,365, 231,364, 230,361, 229,357, 217,354, 206,352, 204,360, 198,360, 190,357, 186,358, 184,357, 181,355, 179,353, 176,359, 175,359, 167,358, 164,352, 162,347, 164,346, 164,345, 163,344, 163,340, 162,339, 162,337, 160,335, 159,336, 145,330, 140,330, 140,329, 142,325, 149,317, 157,309, 171,302, 188,284, 191,280
Kallikudi 13: 268,270, 271,271, 275,278, 275,282, 280,284, 292,286, 307,284, 320,276, 324,273, 326,275, 330,288, 332,295, 331,300, 326,298, 321,304, 327,309, 325,313, 327,316, 329,321, 331,323, 330,328, 333,330, 333,332, 335,335, 335,339, 332,340, 331,341, 332,343, 332,346, 329,347, 323,348, 320,347, 320,342, 309,338, 304,348, 301,348, 299,352, 295,358, 293,358, 290,357, 291,353, 289,353, 285,357, 283,357, 282,358, 281,360, 277,362, 274,363, 270,361, 269,359, 268,359, 268,355, 263,354, 262,355, 261,355, 261,354, 259,342, 255,328, 267,317, 283,306, 279,302, 264,291, 264,277, 268,270
