Kayattar 9: 279,99, 280,106, 281,112, 282,113, 274,123, 270,132, 269,132, 264,128, 257,124, 247,128, 237,136, 229,142, 221,145, 213,146, 206,153, 202,164, 195,176, 191,183, 190,187, 188,189, 187,187, 185,186, 182,185, 176,187, 174,186, 172,184, 172,170, 170,169, 167,169, 166,167, 165,167, 162,170, 160,171, 160,170, 158,170, 157,171, 156,170, 152,170, 150,171, 149,171, 149,169, 147,169, 146,168, 145,162, 145,158, 142,156, 141,154, 142,153, 142,151, 145,150, 145,149, 148,149, 150,152, 150,153, 156,155, 157,153, 158,152, 157,150, 157,149, 160,148, 160,147, 159,147, 159,144, 157,141, 154,140, 152,141, 150,140, 149,141, 148,141, 144,139, 144,136, 146,136, 146,135, 147,135, 147,131, 146,130, 146,129, 148,128, 149,128, 150,126, 152,125, 153,124, 153,123, 152,121, 150,118, 149,118, 150,114, 162,114, 163,113, 164,113, 165,112, 166,112, 165,108, 164,102, 158,102, 157,101, 156,101, 156,102, 152,102, 150,103, 149,102, 147,103, 144,103, 142,102, 141,102, 141,101, 140,101, 140,97, 139,94, 138,93, 139,92, 139,90, 142,90, 142,91, 147,91, 149,90, 146,87, 145,85, 145,81, 146,81, 150,79, 151,77, 150,74, 151,70, 157,70, 158,71, 163,71, 164,76, 165,77, 166,80, 181,79, 182,79, 183,78, 186,77, 186,75, 187,77, 189,79, 192,83, 198,87, 201,91, 200,95, 185,105, 182,114, 187,120, 198,123, 205,121, 208,117, 210,109, 214,102, 222,96, 231,95, 239,98, 253,101, 264,103, 272,102, 279,99
Tuticorin 1: 345,204, 345,205, 344,206, 343,206, 342,205, 342,203, 343,202, 345,204
Tuticorin 1: 336,244, 335,245, 334,245, 334,244, 333,244, 333,242, 334,242, 335,241, 336,241, 336,244
Ottappidaram 10: 359,162, 358,162, 358,159, 360,159, 361,160, 361,161, 360,162, 359,162
Ottappidaram 10: 349,194, 348,192, 349,191, 350,191, 351,192, 351,194, 349,194
Karunkulam 2: 204,213, 207,212, 211,209, 215,205, 218,201, 226,197, 237,198, 247,200, 256,200, 253,214, 251,231, 250,236, 249,245, 249,260, 248,260, 247,263, 243,265, 236,271, 233,276, 230,283, 231,285, 234,287, 236,288, 235,298, 232,307, 229,309, 222,306, 213,305, 205,311, 199,314, 194,312, 192,311, 192,308, 191,306, 191,305, 189,304, 187,306, 185,307, 186,304, 188,303, 186,302, 180,300, 180,293, 181,290, 181,285, 182,284, 183,285, 183,288, 188,288, 189,286, 191,285, 192,284, 192,282, 194,281, 193,276, 194,275, 192,275, 189,276, 189,274, 190,272, 193,269, 193,266, 196,266, 196,263, 191,263, 191,261, 194,254, 195,249, 197,243, 196,239, 194,234, 193,232, 193,228, 199,225, 201,225, 202,223, 204,222, 204,220, 205,218, 206,219, 207,217, 205,213, 204,213
Udangudi 6: 265,333, 269,332, 273,327, 277,324, 281,322, 285,329, 290,338, 290,350, 293,357, 291,358, 289,361, 288,363, 287,366, 286,372, 285,374, 285,376, 288,379, 288,380, 286,380, 283,382, 277,375, 274,368, 269,356, 267,344, 266,336, 265,333
Tiruchendur 5: 281,322, 283,321, 288,317, 290,311, 291,302, 295,292, 300,291, 307,290, 312,287, 312,288, 313,288, 313,289, 314,291, 314,292, 316,297, 316,299, 315,303, 315,306, 313,311, 311,314, 309,320, 310,322, 310,326, 311,327, 312,329, 313,332, 313,334, 312,336, 307,341, 302,345, 299,349, 295,354, 293,357, 290,350, 290,338, 285,329, 281,322
Srivaikuntam 3: 322,250, 323,250, 318,255, 317,255, 316,258, 316,259, 315,264, 313,272, 305,277, 298,279, 291,280, 281,283, 266,285, 255,285, 245,282, 239,283, 237,287, 236,288, 234,287, 231,285, 230,283, 233,276, 236,271, 243,265, 247,263, 248,260, 249,260, 252,258, 255,261, 258,262, 263,264, 268,263, 271,256, 275,254, 282,254, 291,252, 305,250, 317,253, 322,250
Alwarthirunagari 4: 236,288, 237,287, 239,283, 245,282, 255,285, 266,285, 281,283, 291,280, 298,279, 305,277, 313,272, 312,274, 312,275, 311,276, 311,277, 310,280, 310,282, 311,284, 312,287, 307,290, 300,291, 295,292, 291,302, 290,311, 288,317, 283,321, 277,324, 273,327, 269,332, 265,333, 261,330, 258,326, 250,326, 241,330, 232,332, 221,331, 212,333, 201,337, 200,337, 199,336, 198,336, 198,332, 196,329, 196,326, 195,324, 193,324, 192,323, 191,320, 189,319, 189,318, 194,317, 194,312, 199,314, 205,311, 213,305, 222,306, 229,309, 232,307, 235,298, 236,288
Sattankulam 7: 201,337, 212,333, 221,331, 232,332, 241,330, 250,326, 258,326, 261,330, 265,333, 266,336, 267,344, 269,356, 274,368, 277,375, 283,382, 282,383, 278,385, 266,389, 259,391, 257,392, 253,393, 253,394, 251,392, 250,394, 243,394, 237,396, 235,396, 230,399, 226,399, 224,397, 221,398, 220,395, 220,391, 219,390, 219,389, 215,388, 214,388, 213,390, 212,390, 210,392, 209,391, 209,386, 207,386, 205,387, 205,383, 203,383, 203,382, 206,381, 208,380, 207,379, 201,377, 200,376, 202,375, 203,375, 205,374, 209,375, 209,369, 207,369, 207,367, 206,365, 207,364, 205,361, 199,357, 199,356, 202,350, 200,350, 199,348, 200,345, 202,342, 201,341, 202,337, 201,337
Kovilpatti 8: 257,44, 257,43, 258,42, 258,45, 261,51, 267,56, 279,61, 279,64, 278,68, 272,68, 267,71, 270,82, 276,91, 279,96, 279,99, 272,102, 264,103, 253,101, 239,98, 231,95, 222,96, 214,102, 210,109, 208,117, 205,121, 198,123, 187,120, 182,114, 185,105, 200,95, 201,91, 198,87, 192,83, 189,79, 187,77, 187,74, 190,74, 193,76, 193,77, 196,76, 197,77, 199,77, 200,78, 202,78, 202,71, 204,72, 205,71, 206,71, 206,72, 207,72, 208,68, 209,67, 209,61, 208,60, 207,60, 207,59, 206,57, 207,57, 206,53, 204,49, 206,49, 207,48, 208,48, 208,47, 211,48, 212,48, 217,49, 218,53, 219,53, 220,54, 216,54, 216,58, 217,58, 217,63, 226,65, 228,65, 229,66, 231,65, 232,64, 234,63, 234,61, 236,59, 236,57, 241,58, 243,56, 243,54, 246,54, 246,51, 245,51, 246,46, 249,45, 252,46, 257,44
Vilattikulam 11: 278,68, 279,69, 285,68, 288,65, 298,61, 309,58, 314,55, 322,50, 333,49, 340,53, 342,60, 348,64, 355,64, 359,67, 363,80, 368,89, 370,89, 373,90, 385,91, 385,92, 393,95, 394,96, 396,96, 398,97, 399,98, 399,104, 401,103, 403,104, 409,104, 411,105, 410,106, 406,108, 403,111, 399,113, 398,114, 394,116, 394,117, 393,119, 392,120, 391,120, 390,121, 384,124, 381,126, 380,126, 379,127, 379,130, 378,131, 375,131, 375,132, 374,133, 372,133, 371,132, 370,132, 369,133, 368,136, 367,137, 366,137, 364,135, 364,134, 363,134, 362,133, 362,132, 361,132, 361,131, 355,128, 351,128, 349,129, 347,129, 346,128, 346,127, 345,124, 344,124, 343,123, 342,126, 343,126, 344,128, 344,130, 346,131, 347,131, 351,129, 353,129, 355,130, 356,130, 361,135, 362,135, 362,136, 363,137, 363,138, 364,138, 364,141, 363,142, 361,143, 360,143, 360,144, 359,145, 356,147, 352,148, 352,149, 350,150, 347,149, 338,145, 328,140, 315,136, 302,129, 295,123, 287,118, 281,112, 280,106, 279,99, 279,96, 276,91, 270,82, 267,71, 272,68, 278,68
Ottappidaram 10: 282,113, 287,118, 295,123, 302,129, 315,136, 328,140, 338,145, 347,149, 350,150, 346,153, 342,157, 340,161, 338,163, 338,165, 337,165, 336,166, 336,168, 335,168, 334,170, 333,173, 333,174, 332,178, 332,180, 329,183, 329,184, 328,187, 328,190, 326,199, 323,200, 310,200, 300,198, 296,202, 293,207, 290,207, 286,204, 281,199, 270,198, 266,199, 259,200, 247,200, 237,198, 226,197, 218,201, 215,205, 211,209, 207,212, 204,213, 202,211, 198,206, 197,205, 194,203, 194,200, 193,198, 191,195, 191,193, 190,190, 188,190, 188,189, 190,187, 191,183, 195,176, 202,164, 206,153, 213,146, 221,145, 229,142, 237,136, 247,128, 257,124, 264,128, 269,132, 270,132, 274,123, 282,113
Tuticorin 1: 326,199, 326,208, 325,220, 325,233, 326,233, 327,232, 328,230, 329,230, 330,231, 332,231, 334,232, 335,231, 338,230, 338,228, 337,227, 337,222, 338,222, 340,224, 340,231, 337,237, 336,238, 334,238, 334,235, 333,235, 332,236, 327,239, 325,243, 324,244, 324,245, 323,249, 322,250, 317,253, 305,250, 291,252, 282,254, 275,254, 271,256, 268,263, 263,264, 258,262, 255,261, 252,258, 249,260, 249,245, 250,236, 251,231, 253,214, 256,200, 259,200, 266,199, 270,198, 281,199, 286,204, 290,207, 293,207, 296,202, 300,198, 310,200, 323,200, 326,199
Pudur 12: 285,4, 290,5, 291,4, 293,6, 294,5, 301,4, 307,4, 316,1, 318,1, 319,0, 324,1, 327,1, 326,7, 327,7, 327,10, 328,10, 328,11, 329,12, 329,13, 333,14, 333,15, 335,15, 342,17, 342,20, 343,20, 343,23, 344,26, 348,29, 353,30, 359,29, 365,30, 370,32, 370,36, 367,41, 367,47, 366,53, 366,64, 371,63, 376,64, 372,78, 369,83, 367,87, 370,89, 368,89, 363,80, 359,67, 355,64, 348,64, 342,60, 340,53, 333,49, 322,50, 314,55, 309,58, 298,61, 288,65, 285,68, 279,69, 278,68, 279,64, 279,61, 267,56, 261,51, 258,45, 258,40, 259,39, 260,39, 262,38, 266,37, 267,30, 266,27, 267,25, 270,25, 272,26, 279,25, 282,26, 282,23, 280,22, 279,21, 278,19, 277,18, 276,16, 276,15, 279,13, 281,11, 282,11, 284,5, 285,4
