Walajabad 2: 182,27, 186,26, 190,29, 202,41, 203,48, 202,57, 204,61, 209,65, 233,77, 244,80, 255,84, 263,86, 263,113, 264,120, 262,126, 260,136, 258,139, 257,139, 252,138, 242,140, 236,142, 234,140, 225,132, 217,130, 206,131, 199,131, 192,126, 182,117, 173,104, 167,92, 159,83, 153,76, 150,72, 147,69, 143,66, 137,62, 133,60, 139,56, 150,53, 150,44, 159,40, 160,38, 164,34, 172,30, 182,28, 182,27
Kanchipuram 1: 103,87, 103,86, 101,83, 100,80, 100,77, 103,74, 106,68, 116,66, 121,64, 126,63, 130,61, 133,60, 137,62, 143,66, 147,69, 150,72, 153,76, 159,83, 167,92, 173,104, 182,117, 192,126, 199,131, 206,131, 217,130, 225,132, 234,140, 236,142, 223,147, 195,163, 190,166, 187,166, 186,165, 188,164, 188,158, 186,156, 182,155, 178,155, 177,153, 179,152, 189,150, 191,148, 192,145, 190,143, 186,141, 183,139, 175,138, 174,136, 174,129, 172,127, 170,129, 166,127, 163,125, 158,121, 154,125, 155,128, 149,129, 150,132, 147,135, 146,133, 144,130, 144,126, 139,124, 138,123, 140,121, 141,118, 142,113, 139,109, 135,107, 131,106, 126,104, 118,102, 114,100, 111,97, 100,92, 102,91, 103,89, 103,87
Kunnattur 5: 350,13, 351,13, 358,10, 362,6, 362,0, 366,0, 371,1, 377,2, 383,4, 390,6, 397,13, 391,18, 375,28, 355,47, 348,56, 344,76, 343,87, 340,98, 330,105, 309,106, 304,113, 302,113, 289,119, 285,122, 284,127, 285,129, 278,125, 271,123, 264,120, 263,113, 263,103, 265,102, 273,93, 280,83, 284,76, 286,75, 290,76, 293,76, 295,73, 297,68, 302,60, 308,60, 313,61, 316,61, 310,54, 307,47, 310,40, 328,34, 339,27, 346,19, 350,13
Sriperumbudur 4: 211,4, 215,6, 216,7, 223,12, 225,17, 228,21, 232,27, 234,33, 236,37, 239,42, 246,45, 255,45, 265,41, 266,34, 268,23, 273,22, 279,20, 278,18, 275,17, 266,13, 265,6, 269,2, 277,1, 288,3, 298,5, 303,4, 310,3, 313,3, 321,5, 326,10, 331,16, 336,16, 343,15, 350,13, 346,19, 339,27, 328,34, 310,40, 307,47, 310,54, 316,61, 313,61, 308,60, 302,60, 297,68, 295,73, 293,76, 290,76, 286,75, 284,76, 280,83, 273,93, 265,102, 263,103, 263,86, 255,84, 244,80, 233,77, 209,65, 204,61, 202,57, 203,48, 202,41, 190,29, 186,26, 186,25, 190,22, 199,13, 203,10, 211,7, 211,4
Kattankolathur 7: 344,76, 346,75, 355,67, 365,61, 371,61, 372,73, 371,85, 371,87, 383,89, 387,89, 388,94, 379,112, 382,120, 381,129, 377,136, 376,146, 358,146, 350,145, 347,152, 345,161, 345,174, 344,179, 339,179, 326,182, 317,184, 310,183, 299,181, 284,181, 285,177, 286,164, 283,154, 276,149, 260,141, 258,139, 260,136, 262,126, 264,120, 271,123, 278,125, 285,129, 284,127, 285,122, 289,119, 302,113, 304,113, 309,106, 330,105, 340,98, 343,87, 344,76
St.Thomas Mount 9: 397,13, 400,15, 405,12, 410,6, 411,5, 411,6, 417,4, 420,4, 421,5, 416,8, 416,10, 423,15, 422,17, 421,18, 419,21, 418,26, 419,29, 423,31, 424,34, 427,35, 429,34, 432,32, 434,31, 439,26, 440,26, 442,30, 444,31, 447,32, 449,32, 449,36, 448,39, 447,43, 446,49, 444,58, 443,66, 442,71, 441,79, 441,98, 436,97, 424,93, 415,92, 408,86, 406,85, 400,90, 393,94, 389,95, 388,94, 387,89, 383,89, 371,87, 371,85, 372,73, 371,61, 365,61, 355,67, 346,75, 344,76, 348,56, 355,47, 375,28, 391,18, 397,13
Thiruporur 6: 388,94, 389,95, 393,94, 400,90, 406,85, 408,86, 415,92, 424,93, 436,97, 441,98, 439,117, 439,120, 440,121, 442,122, 443,125, 443,130, 442,133, 442,134, 438,142, 438,143, 436,148, 436,149, 434,153, 432,161, 431,163, 430,166, 429,167, 428,170, 428,172, 427,175, 427,176, 425,178, 425,180, 424,184, 420,192, 417,192, 412,194, 400,199, 392,205, 383,204, 374,200, 367,198, 362,202, 356,206, 348,205, 346,203, 349,195, 346,193, 344,190, 344,179, 345,174, 345,161, 347,152, 350,145, 358,146, 376,146, 377,136, 381,129, 382,120, 379,112, 388,94
Lathur 12: 298,246, 300,246, 314,256, 336,266, 357,272, 371,274, 382,276, 389,277, 398,277, 397,279, 397,280, 391,280, 391,285, 387,285, 386,286, 386,287, 387,287, 387,288, 388,288, 391,291, 388,292, 386,291, 382,291, 383,293, 383,294, 386,296, 386,297, 385,298, 385,299, 382,303, 379,306, 379,307, 377,309, 374,313, 372,315, 370,316, 369,319, 365,324, 360,330, 358,332, 357,334, 356,334, 355,335, 355,336, 354,336, 351,340, 350,340, 350,341, 347,344, 345,347, 344,348, 342,351, 342,352, 341,353, 339,357, 337,359, 336,361, 335,362, 334,364, 333,364, 328,361, 325,356, 313,360, 305,365, 303,365, 294,357, 283,351, 282,351, 283,350, 285,340, 290,327, 300,310, 292,308, 284,305, 284,301, 291,273, 292,260, 290,248, 293,247, 298,246
Tirukkalukunram 8: 284,181, 299,181, 310,183, 317,184, 326,182, 339,179, 344,179, 344,190, 346,193, 349,195, 346,203, 348,205, 356,206, 362,202, 367,198, 374,200, 383,204, 392,205, 400,199, 412,194, 417,192, 420,192, 420,195, 417,202, 416,205, 414,214, 412,220, 411,222, 411,225, 410,230, 407,236, 407,237, 406,240, 404,243, 403,244, 401,249, 400,250, 398,257, 397,261, 398,264, 398,277, 389,277, 382,276, 371,274, 357,272, 336,266, 314,256, 300,246, 298,246, 300,245, 298,244, 290,241, 288,240, 287,233, 284,217, 283,203, 276,199, 270,199, 270,189, 271,185, 276,185, 281,183, 283,181, 284,181
Chithamur 13: 218,346, 212,345, 210,344, 205,347, 205,344, 207,327, 211,317, 214,313, 203,308, 203,305, 214,296, 215,295, 221,298, 233,302, 242,302, 247,304, 245,301, 249,304, 248,307, 241,312, 239,323, 240,336, 245,335, 255,334, 258,340, 258,345, 266,348, 282,351, 283,351, 294,357, 303,365, 305,365, 313,360, 325,356, 328,361, 333,364, 332,366, 331,367, 329,370, 329,371, 326,373, 324,377, 323,378, 322,380, 321,383, 319,386, 317,385, 313,387, 310,391, 306,395, 304,396, 303,395, 297,397, 295,398, 292,395, 290,392, 281,390, 280,396, 280,398, 276,397, 270,399, 268,399, 261,395, 257,394, 253,391, 251,387, 249,382, 243,377, 242,376, 239,375, 240,373, 239,369, 236,365, 233,362, 233,360, 231,359, 224,353, 223,351, 220,351, 218,346
Madurantakam 11: 221,225, 218,221, 214,213, 215,211, 219,209, 226,209, 232,208, 243,208, 253,207, 259,203, 267,200, 270,199, 276,199, 283,203, 284,217, 287,233, 288,240, 290,241, 298,244, 300,245, 298,246, 293,247, 290,248, 292,260, 291,273, 284,301, 284,305, 292,308, 300,310, 290,327, 285,340, 283,350, 282,351, 266,348, 258,345, 258,340, 255,334, 245,335, 240,336, 239,323, 241,312, 248,307, 249,304, 245,301, 247,304, 242,302, 233,302, 221,298, 215,295, 222,288, 229,280, 236,269, 238,255, 237,243, 236,234, 235,229, 230,226, 221,225
Acharapakkam 10: 188,246, 188,245, 192,238, 197,239, 204,240, 215,238, 224,236, 225,231, 221,225, 230,226, 235,229, 236,234, 237,243, 238,255, 236,269, 229,280, 222,288, 214,296, 203,305, 203,308, 214,313, 211,317, 207,327, 205,344, 205,347, 204,348, 199,350, 197,350, 195,352, 188,349, 183,349, 178,346, 170,347, 169,351, 167,352, 164,352, 162,356, 154,354, 149,351, 145,347, 144,344, 144,343, 142,341, 141,337, 142,334, 146,334, 151,332, 153,329, 150,325, 151,323, 163,315, 167,315, 168,310, 165,309, 164,308, 164,306, 172,308, 172,301, 171,300, 173,299, 176,301, 177,297, 187,301, 189,295, 185,292, 186,290, 188,288, 191,287, 194,287, 194,284, 192,283, 192,274, 190,273, 186,269, 183,269, 181,268, 181,266, 182,265, 184,266, 187,266, 188,267, 189,265, 190,264, 195,263, 195,261, 197,259, 197,256, 194,253, 191,249, 188,246
Uttiramerur 3: 236,142, 242,140, 252,138, 257,139, 258,139, 260,141, 276,149, 283,154, 286,164, 285,177, 284,181, 283,181, 281,183, 276,185, 271,185, 270,189, 270,199, 267,200, 259,203, 253,207, 243,208, 232,208, 226,209, 219,209, 215,211, 214,213, 218,221, 221,225, 225,231, 224,236, 215,238, 204,240, 197,239, 192,238, 188,245, 188,246, 187,246, 177,241, 179,236, 179,233, 176,232, 174,231, 177,227, 178,225, 181,226, 183,226, 183,224, 182,222, 172,218, 169,219, 168,216, 165,215, 162,217, 160,217, 158,218, 154,219, 151,218, 150,217, 148,216, 146,214, 144,215, 142,211, 143,206, 143,203, 141,202, 139,203, 139,202, 136,200, 138,194, 139,189, 141,187, 143,183, 143,182, 149,181, 155,183, 161,182, 172,178, 182,174, 188,172, 191,169, 192,167, 191,166, 190,166, 195,163, 223,147, 236,142
