Namakkal 7: 241,224, 252,219, 258,215, 270,213, 278,218, 291,221, 299,219, 300,222, 307,226, 319,233, 333,235, 344,241, 353,246, 360,243, 362,241, 368,246, 369,256, 371,260, 382,265, 389,269, 391,271, 384,280, 379,285, 380,296, 381,303, 375,303, 366,306, 350,309, 339,305, 334,297, 326,300, 304,304, 287,308, 287,313, 284,316, 269,318, 260,319, 255,319, 255,305, 253,291, 250,269, 244,244, 241,224
Paramathi 10: 192,204, 206,205, 226,211, 237,217, 241,224, 244,244, 250,269, 253,291, 255,305, 255,319, 254,320, 254,321, 249,324, 243,326, 237,325, 233,322, 231,321, 227,317, 220,318, 209,317, 204,318, 197,318, 193,316, 193,304, 196,294, 192,286, 180,289, 174,293, 173,282, 173,276, 167,276, 159,280, 156,279, 156,270, 157,254, 160,252, 173,253, 186,251, 186,243, 187,234, 190,218, 192,204
Erumaipatti 2: 391,271, 392,270, 404,263, 416,258, 421,259, 422,259, 422,262, 418,276, 421,286, 418,300, 421,303, 437,298, 456,293, 470,289, 475,288, 476,295, 478,310, 475,310, 473,314, 469,312, 455,312, 453,311, 452,315, 453,322, 451,329, 449,332, 446,334, 440,337, 439,338, 440,340, 442,341, 447,342, 448,343, 448,345, 447,349, 449,351, 453,353, 456,357, 458,359, 464,362, 463,370, 462,373, 456,373, 455,379, 452,388, 442,385, 441,384, 440,372, 439,371, 438,366, 419,357, 416,354, 410,352, 404,352, 400,357, 398,357, 397,359, 386,342, 385,342, 384,338, 384,331, 383,313, 381,303, 380,296, 379,285, 384,280, 391,271
Puduchatram 9: 283,149, 284,144, 287,135, 289,131, 295,129, 304,128, 317,127, 328,125, 346,125, 354,128, 361,138, 373,150, 374,149, 375,151, 379,163, 382,175, 382,188, 378,207, 375,217, 371,227, 369,231, 366,235, 362,241, 360,243, 353,246, 344,241, 333,235, 319,233, 307,226, 300,222, 299,219, 300,219, 304,214, 307,211, 306,204, 302,195, 300,193, 297,185, 294,171, 293,160, 287,165, 280,176, 271,178, 269,173, 271,166, 278,161, 283,151, 283,149
Mohanur 6: 260,319, 269,318, 284,316, 287,313, 287,308, 304,304, 326,300, 334,297, 339,305, 350,309, 366,306, 375,303, 381,303, 383,313, 384,331, 384,338, 385,342, 381,341, 373,341, 373,345, 376,349, 378,360, 374,363, 372,369, 368,366, 368,363, 367,361, 363,360, 356,356, 353,360, 351,361, 350,363, 341,359, 333,368, 330,372, 329,375, 335,376, 342,378, 345,375, 351,375, 352,377, 351,380, 351,384, 352,386, 350,390, 346,392, 342,392, 339,394, 338,395, 335,396, 331,397, 328,394, 318,383, 316,379, 311,377, 305,373, 300,367, 293,361, 289,357, 282,353, 278,352, 269,352, 260,353, 255,354, 255,319, 260,319
Tiruchengodu 14: 118,107, 134,115, 140,120, 152,117, 176,96, 186,93, 193,90, 194,93, 206,111, 214,124, 216,136, 217,143, 216,150, 202,151, 188,150, 182,162, 179,166, 189,169, 192,174, 191,191, 192,201, 192,204, 179,203, 158,205, 151,211, 139,228, 129,248, 127,250, 125,243, 122,237, 115,232, 109,229, 105,228, 100,227, 89,225, 85,224, 77,211, 79,210, 84,201, 88,188, 87,175, 94,168, 107,162, 103,157, 87,154, 82,152, 90,139, 112,113, 118,107
Pallipalayam 11: 1,110, 2,103, 9,86, 21,91, 36,100, 49,104, 57,102, 75,84, 80,82, 83,85, 84,93, 85,103, 90,104, 95,97, 102,89, 106,85, 110,84, 112,94, 114,105, 118,107, 112,113, 90,139, 82,152, 87,154, 103,157, 107,162, 94,168, 87,175, 88,188, 84,201, 79,210, 77,211, 76,210, 70,203, 66,196, 66,195, 64,190, 58,183, 53,179, 50,173, 47,165, 42,160, 38,155, 26,150, 20,142, 14,137, 11,132, 7,126, 1,122, 0,118, 1,113, 1,110
Elachipalayam 1: 216,136, 218,136, 235,139, 246,146, 257,150, 265,145, 273,145, 283,149, 283,151, 278,161, 271,166, 269,173, 271,178, 280,176, 287,165, 293,160, 294,171, 297,185, 300,193, 302,195, 306,204, 307,211, 304,214, 300,219, 299,219, 291,221, 278,218, 270,213, 258,215, 252,219, 241,224, 237,217, 226,211, 206,205, 192,204, 192,201, 191,191, 192,174, 189,169, 179,166, 182,162, 188,150, 202,151, 216,150, 217,143, 216,136
Kabilamalai 3: 127,250, 129,248, 139,228, 151,211, 158,205, 179,203, 192,204, 190,218, 187,234, 186,243, 186,251, 173,253, 160,252, 157,254, 156,270, 156,279, 159,280, 167,276, 173,276, 173,282, 174,293, 180,289, 192,286, 196,294, 193,304, 193,316, 197,318, 204,318, 209,317, 220,318, 227,317, 231,321, 233,322, 237,325, 243,326, 249,324, 254,321, 254,320, 255,319, 255,354, 250,352, 235,342, 225,341, 216,341, 207,343, 201,348, 196,353, 183,360, 178,361, 175,360, 170,358, 162,357, 150,356, 143,352, 141,348, 140,339, 136,323, 136,319, 138,303, 137,297, 126,288, 122,280, 123,274, 125,268, 129,260, 127,250
Mallasamudram 5: 235,49, 253,49, 263,48, 264,49, 267,59, 269,72, 265,74, 253,83, 252,85, 266,105, 272,107, 278,104, 285,99, 293,94, 294,95, 298,102, 300,104, 308,111, 289,131, 287,135, 284,144, 283,149, 273,145, 265,145, 257,150, 246,146, 235,139, 218,136, 216,136, 214,124, 206,111, 194,93, 193,90, 195,90, 201,78, 204,68, 205,65, 210,55, 216,50, 233,49, 235,49
Rasipuram 12: 308,111, 312,110, 318,108, 343,88, 354,84, 366,82, 375,77, 389,69, 407,64, 410,64, 406,71, 405,87, 404,96, 396,105, 392,120, 389,128, 388,132, 386,136, 380,141, 376,148, 374,149, 373,150, 361,138, 354,128, 346,125, 328,125, 317,127, 304,128, 295,129, 289,131, 308,111
Sendamangalam 13: 389,128, 410,132, 408,136, 408,139, 406,147, 406,162, 409,173, 416,179, 428,187, 435,187, 436,194, 438,192, 442,183, 445,172, 441,164, 441,158, 451,157, 459,162, 462,171, 463,182, 459,195, 455,206, 448,216, 436,236, 428,254, 422,259, 421,259, 416,258, 404,263, 392,270, 391,271, 389,269, 382,265, 371,260, 369,256, 368,246, 362,241, 366,235, 369,231, 371,227, 375,217, 378,207, 382,188, 382,175, 379,163, 375,151, 374,149, 376,148, 380,141, 386,136, 388,132, 389,128
Vennandur 15: 427,4, 430,3, 429,10, 429,14, 432,23, 434,33, 430,40, 427,49, 423,56, 412,61, 410,64, 407,64, 389,69, 375,77, 366,82, 354,84, 343,88, 318,108, 312,110, 308,111, 300,104, 298,102, 294,95, 293,94, 285,99, 278,104, 272,107, 266,105, 252,85, 253,83, 265,74, 269,72, 267,59, 264,49, 263,48, 268,48, 273,43, 277,37, 281,36, 283,35, 309,34, 333,31, 348,32, 360,29, 370,26, 379,27, 391,26, 401,23, 411,17, 417,9, 424,6, 427,4
Namagiripet 8: 512,3, 516,3, 522,7, 525,10, 532,19, 536,33, 539,46, 538,54, 535,61, 533,63, 532,65, 528,68, 518,67, 512,67, 508,71, 510,85, 513,96, 517,105, 520,115, 518,125, 517,131, 511,132, 503,134, 483,134, 480,130, 476,118, 474,116, 453,121, 442,118, 441,115, 448,109, 460,103, 472,93, 476,86, 470,84, 460,86, 450,89, 444,95, 438,103, 434,108, 423,120, 412,129, 410,132, 389,128, 392,120, 396,105, 404,96, 405,87, 406,71, 410,64, 412,61, 423,56, 427,49, 430,40, 434,33, 435,34, 439,42, 447,41, 453,33, 461,23, 474,12, 483,8, 500,3, 507,2, 512,3
Kolli Hills 4: 410,132, 412,129, 423,120, 434,108, 438,103, 444,95, 450,89, 460,86, 470,84, 476,86, 472,93, 460,103, 448,109, 441,115, 442,118, 453,121, 474,116, 476,118, 480,130, 483,134, 503,134, 511,132, 517,131, 516,134, 521,136, 529,133, 537,128, 545,128, 549,129, 549,131, 548,134, 548,137, 546,139, 545,141, 542,142, 538,142, 535,147, 531,158, 528,165, 528,167, 531,173, 529,174, 522,171, 522,175, 524,178, 524,179, 525,181, 528,180, 528,183, 532,185, 534,188, 535,192, 534,195, 533,196, 530,196, 528,199, 525,210, 524,215, 521,219, 517,222, 516,225, 517,229, 510,242, 506,253, 504,255, 504,261, 501,262, 500,264, 496,271, 490,273, 486,275, 482,276, 477,277, 480,285, 474,285, 475,288, 470,289, 456,293, 437,298, 421,303, 418,300, 421,286, 418,276, 422,262, 422,259, 428,254, 436,236, 448,216, 455,206, 459,195, 463,182, 462,171, 459,162, 451,157, 441,158, 441,164, 445,172, 442,183, 438,192, 436,194, 435,187, 428,187, 416,179, 409,173, 406,162, 406,147, 408,139, 408,136, 410,132
