Karuvalur:5479,7137, 5399,7241, 5296,7419, 5286,7550, 5230,7654, 5192,7818, 5174,7926, 5113,8020, 5056,8198, 4892,8179, 4864,8372, 4840,8536, 4747,8484, 4625,8362, 4643,8198, 4507,8203, 4343,8203, 4254,8067, 4207,7945, 4071,7931, 3935,7959, 3742,7973, 3597,7954, 3592,7827, 3592,7701, 3686,7555, 3766,7452, 3780,7311, 3803,7137, 3860,6992, 3911,6818, 3982,6678, 4066,6715, 4151,6781, 4296,6828, 4418,6823, 4568,6828, 4732,6800, 4869,6692, 4972,6602, 5089,6480, 5145,6654, 5239,6851, 5361,7020, 5479,7137
Kattugam:5990,2313, 5779,2337, 5685,2328, 5549,2295, 5413,2318, 5314,2285, 5174,2267, 5033,2234, 4883,2182, 4747,2098, 4657,2013, 4596,1844, 4554,1689, 4526,1553, 4512,1412, 4545,1239, 4596,1065, 4634,939, 4732,821, 4812,723, 4883,587, 5028,511, 5206,479, 5375,455, 5441,319, 5605,230, 5751,169, 5821,94, 5854,0, 5948,108, 6126,108, 6328,99, 6553,113, 6633,188, 6661,314, 6530,474, 6351,568, 6182,695, 6126,821, 6272,910, 6290,1084, 6469,1032, 6572,1150, 6638,1276, 6722,1464, 6746,1642, 6764,1750, 6755,1896, 6703,2013, 6483,1966, 6337,1896, 6225,1924, 6140,2013, 5995,2126, 5990,2313
Mangarasavalayapalayam:4812,723, 4732,821, 4634,939, 4596,1065, 4545,1239, 4512,1412, 4526,1553, 4554,1689, 4596,1844, 4657,2013, 4747,2098, 4883,2182, 5033,2234, 4953,2389, 5042,2539, 5225,2623, 5413,2604, 5582,2614, 5629,2736, 5540,2886, 5324,2905, 5094,2867, 4934,2872, 4784,2923, 4606,2970, 4432,2942, 4352,2872, 4366,2736, 4366,2576, 4296,2384, 4226,2201, 4155,2051, 4127,1919, 4169,1821, 4165,1685, 4165,1502, 4099,1305, 4047,1154, 3855,1042, 3836,920, 3892,788, 3916,685, 3963,591, 4080,591, 4221,587, 4376,587, 4479,596, 4554,643, 4662,690, 4812,723
Thathanur:9045,3060, 8876,3078, 8726,3149, 8571,3130, 8407,3196, 8327,3351, 8294,3515, 8210,3627, 8121,3543, 8031,3426, 8097,3351, 8003,3182, 8102,3092, 8233,3013, 8177,2839, 8266,2679, 8233,2525, 8116,2417, 8027,2285, 7937,2154, 7797,2037, 7928,1905, 8041,1793, 8167,1694, 8247,1572, 8313,1511, 8435,1389, 8548,1281, 8679,1211, 8777,1093, 8928,1061, 9101,1046, 9087,873, 9219,924, 9247,1145, 9294,1258, 9223,1328, 9167,1469, 9106,1661, 9082,1821, 9078,2013, 9078,2140, 9087,2271, 9111,2454, 9082,2722, 9045,2848, 9045,3060
Alathur:4127,1919, 4155,2051, 4226,2201, 4296,2384, 4366,2576, 4366,2736, 4352,2872, 4183,3318, 4104,3458, 4024,3595, 4010,3735, 3982,3857, 3822,3810, 3686,3782, 3526,3707, 3339,3726, 3231,3712, 3128,3660, 3118,3501, 3165,3332, 3128,3158, 2973,3074, 2860,2909, 2785,2764, 2724,2670, 2593,2628, 2414,2647, 2367,2482, 2405,2295, 2428,2112, 2438,1943, 2414,1858, 2419,1746, 2494,1605, 2471,1492, 2396,1445, 2325,1323, 2475,887, 2616,878, 2780,896, 2893,929, 2991,985, 3090,1079, 3179,1225, 3170,1356, 3207,1455, 3311,1530, 3372,1647, 3522,1732, 3714,1722, 3827,1741, 3991,1793, 4127,1919
Pulippar:7797,2037, 7937,2154, 8027,2285, 8116,2417, 8233,2525, 8266,2679, 8177,2839, 8233,3013, 8102,3092, 8003,3182, 7886,3172, 7750,3182, 7590,3003, 7449,2938, 7384,2848, 7252,2750, 7041,2651, 6905,2487, 6933,2342, 6854,2196, 6839,2065, 6891,1929, 6938,1746, 6844,1661, 6924,1581, 7051,1544, 7201,1525, 7238,1394, 7323,1351, 7417,1492, 7501,1638, 7464,1746, 7384,1802, 7327,1901, 7332,2065, 7464,2159, 7576,2055, 7797,2037
Pothampalayam:5990,2313, 5924,2450, 6028,2567, 6197,2553, 6309,2506, 6408,2487, 6516,2468, 6652,2459, 6764,2431, 6905,2487, 7041,2651, 7252,2750, 7384,2848, 7449,2938, 7590,3003, 7750,3182, 7886,3172, 8003,3182, 8097,3351, 8031,3426, 7923,3463, 7797,3505, 7670,3580, 7722,3702, 7647,3806, 7576,3937, 7421,4059, 7243,4045, 7074,3984, 6886,3923, 6722,3984, 6530,3993, 6530,3519, 6511,3374, 6478,3196, 6309,3200, 6121,3196, 5967,3168, 5854,3060, 5648,3031, 5540,2886, 5629,2736, 5582,2614, 5413,2604, 5225,2623, 5042,2539, 4953,2389, 5033,2234, 5174,2267, 5314,2285, 5413,2318, 5549,2295, 5685,2328, 5779,2337, 5990,2313
Pongalur:2414,2647, 2593,2628, 2724,2670, 2785,2764, 2860,2909, 2973,3074, 3128,3158, 3165,3332, 3118,3501, 3128,3660, 2977,3754, 2963,3890, 2813,3937, 2724,3923, 2649,3871, 2532,3834, 2433,3801, 2358,3707, 2288,3552, 2142,3613, 2020,3618, 1898,3698, 1720,3688, 1579,3726, 1462,3707, 1387,3609, 1274,3580, 1124,3468, 983,3369, 913,3243, 931,3111, 974,2952, 1049,2816, 1190,2750, 1297,2670, 1448,2623, 1560,2539, 1715,2614, 1898,2600, 2076,2628, 2222,2647, 2414,2647
P.Thamaraikulam:9599,3961, 9467,3928, 9298,3824, 9176,3848, 9040,3848, 8876,3857, 8759,3932, 8684,3876, 8599,3834, 8538,4007, 8411,4059, 8285,4181, 8130,4294, 8144,4162, 8135,3998, 8177,3829, 8196,3721, 8210,3627, 8294,3515, 8327,3351, 8407,3196, 8571,3130, 8726,3149, 8876,3078, 9045,3060, 9181,3214, 9280,3290, 9444,3336, 9589,3355, 9697,3351, 9861,3383, 10030,3416, 10152,3482, 10298,3552, 10218,3646, 10110,3754, 9965,3824, 9847,3867, 9725,3914, 9599,3961
Pappankulam:8210,3627, 8196,3721, 8177,3829, 8135,3998, 8144,4162, 8130,4294, 8069,4435, 8017,4571, 8045,4754, 8017,4955, 8017,5110, 8064,5218, 8078,5350, 8149,5490, 8135,5598, 8031,5669, 7989,5772, 7975,5894, 7876,5828, 7769,5767, 7595,5664, 7440,5523, 7435,5317, 7421,5157, 7388,5073, 7295,5073, 7295,4969, 7238,4833, 7121,4923, 7051,5077, 6919,5110, 6774,5190, 6605,5106, 6516,5007, 6530,4885, 6624,4801, 6722,4725, 6727,4608, 6783,4472, 6825,4327, 6792,4172, 6722,3984, 6886,3923, 7074,3984, 7243,4045, 7421,4059, 7576,3937, 7647,3806, 7722,3702, 7670,3580, 7797,3505, 7923,3463, 8031,3426, 8121,3543, 8210,3627
Kanur:3982,3857, 4104,3993, 4202,4139, 4310,4266, 4423,4364, 4474,4477, 4540,4641, 4545,4782, 4601,4857, 4578,4946, 4592,5077, 4488,5176, 4432,5303, 4310,5387, 4193,5462, 4085,5598, 4019,5777, 3799,5786, 3620,5814, 3465,5777, 3348,5842, 3170,5833, 3165,5673, 3146,5537, 3179,5415, 3151,5274, 3179,5167, 3198,5049, 3189,4871, 3160,4697, 3170,4552, 3160,4392, 3207,4256, 3212,4092, 3287,3942, 3325,3829, 3339,3726, 3526,3707, 3686,3782, 3822,3810, 3982,3857
Vadugapalayam:9467,3928, 9397,4031, 9369,4176, 9247,4256, 9289,4345, 9317,4481, 9341,4646, 9312,4796, 9308,4946, 9303,5134, 9247,5307, 9406,5392, 9514,5406, 9589,5519, 9589,5711, 9641,5889, 9491,5875, 9345,5889, 9162,5894, 9031,5903, 8923,5842, 8820,5716, 8674,5565, 8632,5373, 8487,5331, 8289,5354, 8163,5326, 8078,5350, 8064,5218, 8017,5110, 8017,4955, 8045,4754, 8017,4571, 8069,4435, 8130,4294, 8285,4181, 8411,4059, 8538,4007, 8599,3834, 8684,3876, 8759,3932, 8876,3857, 9040,3848, 9176,3848, 9298,3824, 9467,3928
Ayyampalayam:9599,3961, 9716,4050, 9796,4181, 9941,4252, 10068,4303, 10213,4444, 10176,4561, 10105,4707, 10143,4838, 10134,4946, 10256,5040, 10434,5120, 10579,5134, 10650,5251, 10500,5326, 10392,5378, 10298,5476, 10354,5678, 10218,5720, 10044,5748, 9880,5706, 9843,5842, 9641,5889, 9589,5711, 9589,5519, 9514,5406, 9406,5392, 9247,5307, 9303,5134, 9308,4946, 9312,4796, 9341,4646, 9317,4481, 9289,4345, 9247,4256, 9369,4176, 9397,4031, 9467,3928, 9599,3961
Sevur:7975,5894, 7952,6105, 7834,6086, 7689,6096, 7571,6039, 7473,6025, 7290,6058, 7168,6166, 7107,6100, 7060,6021, 6896,6035, 6699,6068, 6487,6086, 6487,5922, 6506,5795, 6384,5725, 6473,5598, 6441,5458, 6361,5392, 6272,5317, 6394,5237, 6337,5120, 6243,4988, 6154,4843, 6032,4754, 5948,4618, 5967,4486, 6051,4317, 6056,4125, 6107,4017, 6197,4026, 6319,4022, 6530,3993, 6722,3984, 6792,4172, 6825,4327, 6783,4472, 6727,4608, 6722,4725, 6624,4801, 6530,4885, 6516,5007, 6605,5106, 6774,5190, 6919,5110, 7051,5077, 7121,4923, 7238,4833, 7295,4969, 7295,5073, 7388,5073, 7421,5157, 7435,5317, 7440,5523, 7595,5664, 7769,5767, 7876,5828, 7975,5894
Thulukkamuthur:10964,4636, 10922,4786, 10922,5110, 11011,5289, 11044,5490, 11086,5678, 11053,5861, 11072,5969, 11035,6068, 11025,6185, 11006,6288, 10945,6363, 10800,6293, 10575,6241, 10382,6265, 10265,6222, 10115,6105, 9937,6072, 9852,6072, 9763,6053, 9632,6063, 9641,5889, 9843,5842, 9880,5706, 10044,5748, 10218,5720, 10354,5678, 10298,5476, 10392,5378, 10500,5326, 10650,5251, 10579,5134, 10434,5120, 10256,5040, 10134,4946, 10143,4838, 10105,4707, 10176,4561, 10213,4444, 10326,4406, 10462,4491, 10631,4496, 10866,4580, 10964,4636
Naduvacheri:9641,5889, 9632,6063, 9660,6194, 9556,6387, 9463,6499, 9331,6509, 9298,6645, 9303,6734, 9261,6809, 9129,6767, 9007,6682, 8834,6570, 8684,6499, 8604,6626, 8552,6743, 8477,6593, 8468,6410, 8383,6283, 8247,6241, 8102,6190, 7952,6105, 7975,5894, 7989,5772, 8031,5669, 8135,5598, 8149,5490, 8078,5350, 8163,5326, 8289,5354, 8487,5331, 8632,5373, 8674,5565, 8820,5716, 8923,5842, 9031,5903, 9162,5894, 9345,5889, 9491,5875, 9641,5889
Vettuvapalayam:6487,6086, 6699,6068, 6896,6035, 7060,6021, 7107,6100, 7168,6166, 7177,6340, 7116,6495, 6985,6560, 6877,6678, 6905,6847, 6933,7020, 6797,6940, 6647,6922, 6502,6903, 6394,6776, 6295,6635, 6229,6743, 6178,6851, 6145,6983, 6140,7142, 6023,7203, 5854,7213, 5694,7166, 5582,7170, 5479,7137, 5361,7020, 5239,6851, 5145,6654, 5089,6480, 5066,6288, 5033,6171, 5056,6030, 5145,5903, 5145,5777, 5117,5645, 5150,5523, 5211,5396, 5352,5359, 5483,5335, 5657,5340, 5831,5364, 5849,5509, 5910,5631, 5934,5748, 6028,5875, 6028,6011, 6060,6133, 6060,6293, 6182,6316, 6290,6204, 6431,6190, 6487,6086
Ramanathapuram:4019,5777, 4094,5885, 4183,5988, 4305,6077, 4470,6199, 4620,6260, 4775,6297, 4920,6279, 5066,6288, 5089,6480, 4972,6602, 4869,6692, 4732,6800, 4568,6828, 4418,6823, 4296,6828, 4151,6781, 4066,6715, 3982,6678, 3911,6818, 3860,6992, 3803,7137, 3695,7128, 3592,7100, 3409,7137, 3236,7184, 3184,7335, 3128,7428, 3043,7522, 3006,7621, 2865,7701, 2715,7602, 2574,7527, 2457,7532, 2381,7396, 2292,7278, 2311,7156, 2302,6992, 2306,6795, 2419,6720, 2466,6579, 2574,6523, 2607,6363, 2682,6218, 2799,6199, 2860,6114, 2879,5941, 2945,5720, 2982,5561, 3146,5537, 3165,5673, 3170,5833, 3348,5842, 3465,5777, 3620,5814, 3799,5786, 4019,5777
Karumapalayam:7952,6105, 7914,6316, 7876,6480, 7834,6649, 7783,6776, 7731,6908, 7684,6992, 7670,7095, 7482,7105, 7388,7175, 7191,7114, 7079,7034, 6933,7020, 6905,6847, 6877,6678, 6985,6560, 7116,6495, 7177,6340, 7168,6166, 7290,6058, 7473,6025, 7571,6039, 7689,6096, 7834,6086, 7952,6105
Kuppandampalayam:10945,6363, 10922,6518, 10781,6626, 10706,6757, 10584,6917, 10472,7109, 10387,7255, 10242,7297, 10101,7236, 9946,7147, 9791,7189, 9632,7119, 9505,7076, 9369,7086, 9261,7086, 9223,6940, 9261,6809, 9303,6734, 9298,6645, 9331,6509, 9463,6499, 9556,6387, 9660,6194, 9632,6063, 9763,6053, 9852,6072, 9937,6072, 10115,6105, 10265,6222, 10382,6265, 10575,6241, 10800,6293, 10945,6363
Sinnaripalayam:9261,6809, 9223,6940, 9261,7086, 9115,7245, 8951,7320, 8810,7363, 8702,7367, 8571,7297, 8374,7203, 8238,7213, 8144,7264, 8013,7241, 7867,7217, 7722,7203, 7670,7095, 7684,6992, 7731,6908, 7783,6776, 7834,6649, 7876,6480, 7914,6316, 7952,6105, 8102,6190, 8247,6241, 8383,6283, 8468,6410, 8477,6593, 8552,6743, 8604,6626, 8684,6499, 8834,6570, 9007,6682, 9129,6767, 9261,6809
Nambiyampalayam:6933,7020, 6915,7170, 6849,7302, 6661,7381, 6741,7513, 6619,7560, 6483,7579, 6436,7738, 6337,7837, 6300,7987, 6248,8132, 6159,8306, 6178,8494, 6323,8653, 6136,8770, 5990,8846, 5868,8855, 5704,8892, 5586,8850, 5464,8752, 5281,8780, 5127,8747, 4967,8808, 4812,8874, 4686,8907, 4784,8714, 4840,8536, 4864,8372, 4892,8179, 5056,8198, 5113,8020, 5174,7926, 5192,7818, 5230,7654, 5286,7550, 5296,7419, 5399,7241, 5479,7137, 5582,7170, 5694,7166, 5854,7213, 6023,7203, 6140,7142, 6145,6983, 6178,6851, 6229,6743, 6295,6635, 6394,6776, 6502,6903, 6647,6922, 6797,6940, 6933,7020
Sembinallur:7388,7175, 7417,7320, 7379,7442, 7281,7630, 7290,7790, 7398,7940, 7454,8085, 7356,8137, 7215,8217, 7093,8348, 6976,8470, 6849,8573, 6699,8653, 6525,8719, 6323,8653, 6178,8494, 6159,8306, 6248,8132, 6300,7987, 6337,7837, 6436,7738, 6483,7579, 6619,7560, 6741,7513, 6661,7381, 6849,7302, 6915,7170, 6933,7020, 7079,7034, 7191,7114, 7388,7175
Palangarai:10387,7255, 10434,7377, 10462,7503, 10472,7663, 10425,7837, 10312,7949, 10251,8053, 10251,8348, 10185,8475, 10049,8536, 9955,8653, 9852,8653, 9800,8761, 9641,8756, 9528,8766, 9430,8747, 9317,8770, 9186,8761, 9031,8799, 8895,8709, 8792,8620, 8665,8550, 8562,8480, 8505,8390, 8411,8470, 8294,8325, 8214,8207, 8238,8048, 8163,7931, 8088,7790, 8041,7616, 8177,7574, 8285,7738, 8426,7818, 8402,7973, 8426,8095, 8538,8193, 8674,8095, 8698,7870, 8787,7682, 8824,7494, 8810,7363, 8951,7320, 9115,7245, 9261,7086, 9369,7086, 9505,7076, 9632,7119, 9791,7189, 9946,7147, 10101,7236, 10242,7297, 10387,7255
Uppilipalayam:3803,7137, 3780,7311, 3766,7452, 3686,7555, 3592,7701, 3592,7827, 3597,7954, 3742,7973, 3935,7959, 4071,7931, 4207,7945, 4254,8067, 4343,8203, 4507,8203, 4643,8198, 4625,8362, 4747,8484, 4840,8536, 4784,8714, 4686,8907, 4573,9024, 4474,9085, 4343,9137, 4207,9183, 4024,9179, 3869,9212, 3686,9221, 3536,9132, 3395,9104, 3174,9104, 2959,9033, 2921,8785, 2888,8592, 2888,8400, 2893,8212, 2902,8057, 2898,7893, 2865,7701, 3006,7621, 3043,7522, 3128,7428, 3184,7335, 3236,7184, 3409,7137, 3592,7100, 3695,7128, 3803,7137
Avanashi:8810,7363, 8824,7494, 8787,7682, 8698,7870, 8674,8095, 8538,8193, 8426,8095, 8402,7973, 8426,7818, 8285,7738, 8177,7574, 8041,7616, 8088,7790, 8163,7931, 8238,8048, 8214,8207, 8294,8325, 8411,8470, 8336,8592, 8257,8592, 8172,8489, 8074,8390, 7928,8334, 7797,8395, 7698,8343, 7661,8236, 7520,8212, 7454,8085, 7398,7940, 7290,7790, 7281,7630, 7379,7442, 7417,7320, 7388,7175, 7482,7105, 7670,7095, 7722,7203, 7867,7217, 8013,7241, 8144,7264, 8238,7213, 8374,7203, 8571,7297, 8702,7367, 8810,7363
Avanashi:8562,8480, 8411,8470, 8505,8390, 8562,8480
Velayuthampalayam:8257,8592, 8318,8681, 8313,8822, 8219,8921, 8153,9029, 8186,9151, 8139,9315, 8125,9493, 8036,9653, 7994,9808, 7806,9854, 7773,9756, 7693,9737, 7679,9653, 7684,9517, 7679,9305, 7661,9169, 7562,9179, 7398,9188, 7252,9141, 7102,9099, 6971,9057, 6905,8939, 6792,8864, 6722,8794, 6699,8653, 6849,8573, 6976,8470, 7093,8348, 7215,8217, 7356,8137, 7454,8085, 7520,8212, 7661,8236, 7698,8343, 7797,8395, 7928,8334, 8074,8390, 8172,8489, 8257,8592
Pudupalayam:7994,9808, 8139,9948, 8308,10023, 8430,10113, 8440,10244, 8327,10333, 8228,10469, 8228,10605, 8219,10741, 8177,10887, 8149,11051, 8106,11243, 8078,11450, 8102,11633, 8130,11783, 8027,11835, 7905,11830, 7778,11797, 7661,11642, 7557,11530, 7421,11398, 7327,11328, 7243,11248, 7196,11060, 7098,10906, 6957,10798, 6872,10638, 6713,10493, 6577,10497, 6436,10408, 6403,10314, 6304,10244, 6206,10169, 6117,10094, 5999,9995, 5948,9901, 5863,9845, 5901,9714, 5948,9587, 6028,9409, 6121,9202, 6253,9052, 6370,8921, 6487,8813, 6525,8719, 6699,8653, 6722,8794, 6792,8864, 6905,8939, 6971,9057, 7102,9099, 7252,9141, 7398,9188, 7562,9179, 7661,9169, 7679,9305, 7684,9517, 7679,9653, 7693,9737, 7773,9756, 7806,9854, 7994,9808
Thekkalur:6525,8719, 6487,8813, 6370,8921, 6253,9052, 6121,9202, 6028,9409, 5948,9587, 5901,9714, 5863,9845, 5948,9901, 5999,9995, 6117,10094, 6206,10169, 6304,10244, 6403,10314, 6436,10408, 6361,10483, 6337,10596, 6304,10723, 6253,10854, 6220,10962, 6107,11023, 5981,11037, 5887,11126, 5746,11046, 5638,11056, 5521,11032, 5399,11018, 5366,10920, 5375,10816, 5305,10690, 5239,10526, 5089,10375, 4953,10418, 4859,10328, 4826,10230, 4723,10211, 4592,10159, 4488,10023, 4371,10000, 4287,9934, 4146,9911, 4057,10009, 4057,10239, 3935,10436, 3775,10455, 3648,10450, 3545,10375, 3592,10239, 3648,10117, 3728,9991, 3700,9869, 3625,9732, 3644,9592, 3719,9474, 3869,9390, 3817,9310, 3686,9221, 3869,9212, 4024,9179, 4207,9183, 4343,9137, 4474,9085, 4573,9024, 4686,8907, 4812,8874, 4967,8808, 5127,8747, 5281,8780, 5464,8752, 5586,8850, 5704,8892, 5868,8855, 5990,8846, 6136,8770, 6323,8653, 6525,8719
Muriyandampalayam:5540,2886, 5648,3031, 5854,3060, 5967,3168, 6121,3196, 6309,3200, 6478,3196, 6511,3374, 6530,3519, 6530,3993, 6319,4022, 6197,4026, 6107,4017, 6056,4125, 6051,4317, 5967,4486, 5948,4618, 5770,4664, 5586,4754, 5389,4758, 5235,4796, 5075,4754, 4911,4735, 4784,4740, 4747,4857, 4601,4857, 4545,4782, 4540,4641, 4474,4477, 4423,4364, 4310,4266, 4202,4139, 4104,3993, 3982,3857, 4010,3735, 4024,3595, 4104,3458, 4183,3318, 4352,2872, 4432,2942, 4606,2970, 4784,2923, 4934,2872, 5094,2867, 5324,2905, 5540,2886
Muriyandampalayam:6487,6086, 6431,6190, 6290,6204, 6182,6316, 6060,6293, 6060,6133, 6028,6011, 6028,5875, 5934,5748, 5910,5631, 5849,5509, 5831,5364, 5657,5340, 5483,5335, 5352,5359, 5211,5396, 5150,5523, 5117,5645, 5145,5777, 5145,5903, 5056,6030, 5033,6171, 5066,6288, 4920,6279, 4775,6297, 4620,6260, 4470,6199, 4305,6077, 4183,5988, 4094,5885, 4019,5777, 4085,5598, 4193,5462, 4310,5387, 4432,5303, 4488,5176, 4592,5077, 4578,4946, 4601,4857, 4747,4857, 4784,4740, 4911,4735, 5075,4754, 5235,4796, 5389,4758, 5586,4754, 5770,4664, 5948,4618, 6032,4754, 6154,4843, 6243,4988, 6337,5120, 6394,5237, 6272,5317, 6361,5392, 6441,5458, 6473,5598, 6384,5725, 6506,5795, 6487,5922, 6487,6086
Rakkiyapalayam:8562,8480, 8665,8550, 8792,8620, 8895,8709, 9031,8799, 9186,8761, 9317,8770, 9430,8747, 9528,8766, 9641,8756, 9800,8761, 9894,8953, 10063,8907, 10166,8897, 10157,8991, 10166,9132, 10124,9282, 10223,9385, 10209,9549, 10110,9629, 9993,9747, 9946,9878, 9735,9930, 9495,9939, 9228,9953, 9106,10084, 9050,10220, 8946,10314, 8881,10385, 8801,10258, 8660,10230, 8543,10244, 8440,10244, 8430,10113, 8308,10023, 8139,9948, 7994,9808, 8036,9653, 8125,9493, 8139,9315, 8186,9151, 8153,9029, 8219,8921, 8313,8822, 8318,8681, 8257,8592, 8336,8592, 8411,8470, 8562,8480
Kaniampoondi:8881,10385, 8956,10563, 8998,10755, 8890,10863, 8904,11009, 8914,11145, 8951,11286, 9092,11403, 9139,11516, 9214,11666, 9270,11858, 9073,11844, 8881,11849, 8740,11933, 8651,11872, 8529,11882, 8393,11915, 8261,11933, 8116,11952, 7984,11961, 7867,11990, 7708,11999, 7740,11896, 7778,11797, 7905,11830, 8027,11835, 8130,11783, 8102,11633, 8078,11450, 8106,11243, 8149,11051, 8177,10887, 8219,10741, 8228,10605, 8228,10469, 8327,10333, 8440,10244, 8543,10244, 8660,10230, 8801,10258, 8881,10385
