NANJAITHALAIYUR:8775,2446, 8650,2479, 8459,2454, 8436,2310, 8278,2211, 8271,2129, 8267,2034, 8330,1949, 8392,2071, 8429,2188, 8529,2269, 8657,2347, 8775,2446
NANJAITHALAIYUR:9439,2752, 9335,2770, 9240,2708, 9140,2605, 9074,2527, 9199,2465, 9328,2509, 9409,2642, 9439,2752
NANJAITHALAIYUR:9074,2527, 8974,2579, 8886,2502, 8971,2476, 9074,2527
KOMARAPALAYAM:7486,6377, 7571,6495, 7733,6565, 7784,6683, 7773,6790, 7843,6933, 7954,6952, 8094,6944, 8215,6963, 8344,6978, 8330,7092, 8315,7250, 8219,7390, 8094,7457, 8079,7538, 7946,7534, 7836,7600, 7788,7655, 7748,7744, 7766,7876, 7814,7972, 7913,7961, 7998,8016, 8105,8079, 8219,8083, 8296,8090, 8385,8116, 8484,8153, 8499,8296, 8492,8418, 8470,8521, 8422,8654, 8389,8783, 8300,8801, 8175,8809, 8050,8812, 7921,8849, 7748,8923, 7600,8963, 7475,8993, 7361,9085, 7305,9210, 7221,9258, 7125,9295, 7007,9280, 6941,9361, 6885,9497, 6878,9608, 6882,9718, 6900,9825, 6915,9943, 6922,10057, 6860,10131, 6797,10223, 6738,10297, 6676,10359, 6620,10470, 6554,10551, 6454,10599, 6307,10625, 6171,10662, 6057,10750, 5898,10798, 5710,10783, 5626,10676, 5644,10577, 5692,10499, 5755,10411, 5799,10304, 5802,10153, 5773,10068, 5743,9987, 5703,9914, 5607,9811, 5463,9667, 5309,9615, 5165,9571, 5183,9450, 5342,9391, 5386,9262, 5393,9170, 5478,9129, 5655,9136, 5740,9210, 5891,9166, 5953,9070, 6031,9004, 6086,8923, 6167,8838, 6300,8831, 6432,8753, 6528,8669, 6554,8562, 6620,8484, 6642,8378, 6690,8249, 6804,8153, 6819,8024, 6830,7939, 6874,7851, 6863,7748, 6856,7622, 6885,7468, 6878,7379, 6860,7232, 6838,7077, 6867,6992, 6819,6893, 6753,6782, 6764,6709, 6771,6617, 6856,6536, 6967,6524, 7037,6436, 7147,6355, 7317,6355, 7486,6377
MULAYAMPOONDI:5434,1430, 5427,1566, 5357,1724, 5294,1838, 5272,1927, 5279,2045, 5242,2196, 5231,2365, 5346,2417, 5438,2417, 5578,2472, 5662,2597, 5714,2697, 5817,2785, 5847,2910, 5869,3014, 5828,3117, 5736,3076, 5644,3084, 5530,3073, 5393,3043, 5265,3006, 5161,2969, 5032,2936, 4892,2907, 4789,2914, 4675,2848, 4605,2770, 4465,2697, 4369,2616, 4395,2472, 4369,2398, 4344,2321, 4414,2177, 4402,2026, 4402,1931, 4428,1835, 4428,1713, 4417,1610, 4399,1544, 4402,1466, 4399,1352, 4395,1271, 4428,1201, 4554,1216, 4660,1334, 4760,1426, 4904,1385, 5040,1323, 5161,1382, 5290,1441, 5434,1430
PUDUPPAI:6079,1599, 6222,1614, 6359,1695, 6454,1861, 6359,1938, 6285,2034, 6211,2152, 6171,2258, 6138,2362, 6108,2483, 6071,2612, 5983,2634, 5902,2704, 5817,2785, 5714,2697, 5662,2597, 5578,2472, 5438,2417, 5346,2417, 5231,2365, 5242,2196, 5279,2045, 5272,1927, 5294,1838, 5357,1724, 5427,1566, 5434,1430, 5596,1466, 5662,1592, 5758,1643, 5843,1628, 5942,1632, 6079,1599
PUNJAITHALAIYUR:8330,1949, 8267,2034, 8271,2129, 8278,2211, 8436,2310, 8459,2454, 8650,2479, 8775,2446, 8886,2502, 8974,2579, 9074,2527, 9140,2605, 9240,2708, 9335,2770, 9439,2752, 9520,2866, 9619,3025, 9700,3132, 9785,3242, 9637,3360, 9556,3459, 9497,3566, 9475,3691, 9427,3846, 9402,3990, 9409,4152, 9420,4270, 9475,4373, 9512,4450, 9578,4513, 9586,4664, 9450,4708, 9346,4723, 9254,4719, 9140,4642, 8989,4587, 8908,4550, 8816,4513, 8702,4454, 8562,4414, 8529,4318, 8565,4200, 8621,4049, 8613,3942, 8613,3824, 8477,3743, 8366,3688, 8256,3684, 8179,3610, 8101,3574, 8075,3456, 8057,3338, 8068,3220, 8057,3080, 8035,2962, 8031,2793, 8035,2586, 8050,2465, 8013,2306, 8024,2181, 8075,2048, 8068,1886, 7976,1857, 7983,1698, 8020,1599, 8061,1511, 8149,1474, 8263,1558, 8333,1654, 8389,1761, 8392,1872, 8330,1949
MAMBADI:3780,2457, 3710,2524, 3610,2608, 3493,2653, 3426,2719, 3404,2811, 3319,2881, 3213,2940, 3143,3010, 3058,3039, 3025,3128, 2969,3235, 2818,3257, 2686,3242, 2557,3231, 2527,3003, 2601,2892, 2575,2752, 2586,2634, 2472,2616, 2247,2634, 1960,2630, 1702,2612, 1496,2608, 1116,2697, 1161,2546, 1234,2420, 1271,2295, 1293,2218, 1326,2115, 1319,1978, 1326,1872, 1360,1743, 1481,1750, 1588,1794, 1669,1879, 1717,1986, 1772,2089, 1813,2196, 1908,2266, 2019,2255, 2141,2211, 2258,2137, 2384,2141, 2538,2141, 2682,2122, 2807,2115, 2918,2122, 3025,2118, 3165,2082, 3349,2048, 3504,2078, 3592,2129, 3636,2196, 3691,2295, 3743,2384, 3780,2457
KANNIVADI:8562,4414, 8510,4491, 8451,4583, 8429,4701, 8370,4837, 8330,4962, 8219,4981, 8123,5018, 8002,5043, 7888,5021, 7692,5036, 7574,4926, 7453,4867, 7317,4800, 7269,4649, 7195,4513, 7084,4509, 7007,4476, 6908,4469, 6819,4436, 6738,4450, 6524,4428, 6451,4366, 6466,4259, 6543,4181, 6628,4089, 6672,4023, 6727,3953, 6790,3865, 6827,3761, 6874,3596, 6930,3426, 6978,3327, 6989,3227, 7018,3124, 7029,3025, 7037,2944, 7051,2859, 7029,2756, 7051,2634, 7070,2520, 7095,2446, 7092,2354, 7099,2258, 7092,2155, 7217,2118, 7398,2107, 7523,2104, 7648,2059, 7759,2041, 7854,1989, 7976,1857, 8068,1886, 8075,2048, 8024,2181, 8013,2306, 8050,2465, 8035,2586, 8031,2793, 8035,2962, 8057,3080, 8068,3220, 8057,3338, 8075,3456, 8101,3574, 8179,3610, 8256,3684, 8366,3688, 8477,3743, 8613,3824, 8613,3942, 8621,4049, 8565,4200, 8529,4318, 8562,4414
ERASINAMPALAYAM:7092,2155, 7099,2258, 7092,2354, 7095,2446, 7070,2520, 7051,2634, 7029,2756, 7051,2859, 7037,2944, 7029,3025, 7018,3124, 6989,3227, 6978,3327, 6930,3426, 6874,3596, 6827,3761, 6790,3865, 6727,3953, 6672,4023, 6628,4089, 6543,4181, 6466,4259, 6451,4366, 6384,4428, 6314,4373, 6182,4428, 6020,4450, 5953,4296, 5898,4159, 5898,4016, 6016,4001, 6101,3975, 6130,3876, 6141,3728, 6104,3640, 6001,3625, 5883,3599, 5817,3728, 5703,3795, 5589,3795, 5618,3640, 5670,3717, 5729,3669, 5618,3640, 5589,3795, 5618,3924, 5603,4030, 5519,4056, 5427,4053, 5393,3949, 5434,3850, 5335,3787, 5220,3806, 5099,3828, 5010,3835, 4907,3854, 4771,3872, 4642,3887, 4557,3868, 4587,3728, 4587,3629, 4616,3526, 4686,3378, 4738,3275, 4734,3165, 4734,3080, 4767,2992, 4789,2914, 4892,2907, 5032,2936, 5161,2969, 5265,3006, 5393,3043, 5530,3073, 5644,3084, 5736,3076, 5828,3117, 5869,3014, 5847,2910, 5817,2785, 5902,2704, 5983,2634, 6071,2612, 6108,2483, 6138,2362, 6171,2258, 6211,2152, 6285,2034, 6359,1938, 6454,1861, 6580,1919, 6679,1956, 6790,2023, 6908,2111, 7092,2155
THURAMBADI:4789,2914, 4767,2992, 4734,3080, 4734,3165, 4738,3275, 4686,3378, 4616,3526, 4587,3629, 4587,3728, 4557,3868, 4447,3920, 4318,3983, 4192,4071, 4023,4071, 3931,4067, 3831,4082, 3706,4100, 3621,4145, 3504,4181, 3415,4185, 3301,4185, 3271,4045, 3253,3876, 3209,3684, 3113,3548, 3058,3378, 2969,3235, 3025,3128, 3058,3039, 3143,3010, 3213,2940, 3319,2881, 3404,2811, 3426,2719, 3493,2653, 3610,2608, 3710,2524, 3780,2457, 3920,2461, 4067,2428, 4192,2380, 4344,2321, 4369,2398, 4395,2472, 4369,2616, 4465,2697, 4605,2770, 4675,2848, 4789,2914
NATHAMPALAYAM:2557,3231, 2454,3268, 2387,3393, 2303,3415, 2196,3426, 2048,3448, 1967,3548, 1916,3651, 1849,3739, 1761,3750, 1636,3765, 1511,3828, 1411,3876, 1304,3901, 1190,3839, 1131,3717, 1061,3610, 1013,3526, 954,3397, 921,3260, 888,3117, 903,2969, 984,2892, 1050,2818, 1116,2697, 1496,2608, 1702,2612, 1960,2630, 2247,2634, 2472,2616, 2586,2634, 2575,2752, 2601,2892, 2527,3003, 2557,3231
VELAMPOONDI:10816,2903, 10809,2977, 10717,3050, 10639,3165, 10651,3319, 10676,3445, 10709,3518, 10849,3500, 10975,3522, 10960,3651, 11100,3732, 11141,3817, 11155,3927, 11188,4064, 11229,3964, 11266,3898, 11310,3997, 11321,4097, 11347,4259, 11292,4373, 11236,4480, 11192,4609, 11218,4716, 11251,4811, 11380,4933, 11527,4985, 11638,5007, 11748,4977, 11888,4881, 11966,4933, 11969,5021, 11984,5132, 11999,5224, 11995,5405, 11977,5548, 11877,5578, 11745,5589, 11601,5537, 11494,5504, 11417,5500, 11269,5526, 11170,5622, 11071,5570, 11004,5489, 10894,5419, 10802,5364, 10717,5316, 10617,5228, 10474,5183, 10359,5195, 10183,5150, 10017,5121, 9899,5077, 9847,4977, 9715,4929, 9630,4904, 9604,4793, 9586,4664, 9578,4513, 9512,4450, 9475,4373, 9420,4270, 9409,4152, 9402,3990, 9427,3846, 9475,3691, 9497,3566, 9556,3459, 9637,3360, 9785,3242, 9895,3301, 10028,3308, 10172,3283, 10297,3216, 10367,3124, 10437,3021, 10496,2958, 10547,2888, 10658,2811, 10750,2863, 10816,2903
VELAMPOONDI:10975,3522, 11089,3467, 11089,3574, 10975,3522
SUNDAKKAMPALAYAM:11266,3898, 11229,3964, 11188,4064, 11155,3927, 11141,3817, 11100,3732, 10960,3651, 10975,3522, 11089,3574, 11089,3467, 10975,3522, 10849,3500, 10709,3518, 10676,3445, 10651,3319, 10639,3165, 10717,3050, 10809,2977, 10816,2903, 10938,2929, 11034,2988, 11111,3043, 11203,3143, 11255,3253, 11247,3375, 11214,3496, 11218,3588, 11214,3717, 11240,3820, 11266,3898
PERAMIUM:2969,3235, 3058,3378, 3113,3548, 3209,3684, 3253,3876, 3271,4045, 3301,4185, 3319,4318, 3323,4439, 3338,4520, 3316,4627, 3316,4767, 3283,4881, 3220,4922, 3205,5010, 3213,5158, 3087,5235, 2980,5342, 2855,5327, 2752,5357, 2675,5342, 2601,5309, 2490,5246, 2373,5224, 2262,5213, 2155,5172, 2052,5080, 1971,4977, 1949,4837, 2015,4738, 2052,4649, 2093,4572, 2144,4469, 2207,4321, 2199,4170, 2166,4056, 2141,3953, 2071,3846, 1945,3791, 1849,3739, 1916,3651, 1967,3548, 2048,3448, 2196,3426, 2303,3415, 2387,3393, 2454,3268, 2557,3231, 2686,3242, 2818,3257, 2969,3235
MULANUR:6384,4428, 6407,4542, 6443,4675, 6436,4771, 6443,4874, 6462,5010, 6550,5058, 6624,5220, 6558,5323, 6432,5371, 6396,5515, 6337,5556, 6215,5603, 6057,5607, 5902,5596, 5806,5592, 5718,5611, 5648,5696, 5519,5762, 5405,5773, 5323,5825, 5220,5777, 5228,5688, 5213,5600, 5128,5541, 5043,5530, 4955,5511, 4859,5522, 4797,5578, 4723,5640, 4572,5703, 4443,5813, 4557,5865, 4668,5872, 4741,5920, 4708,6119, 4756,6237, 4697,6407, 4579,6539, 4671,6583, 4867,6690, 4800,6808, 4786,6948, 4701,6996, 4583,6985, 4487,7044, 4399,7143, 4296,7202, 4167,7250, 4082,7324, 4005,7361, 3942,7398, 3938,7515, 3865,7567, 3769,7585, 3695,7666, 3607,7685, 3566,7748, 3459,7692, 3353,7637, 3257,7560, 3165,7457, 3106,7350, 2984,7298, 2859,7210, 2829,7066, 2807,6933, 2800,6797, 2796,6701, 2863,6576, 2896,6480, 2922,6359, 2992,6278, 3017,6152, 3021,6012, 2992,5906, 2962,5755, 2947,5611, 2973,5482, 2980,5342, 3087,5235, 3213,5158, 3205,5010, 3220,4922, 3283,4881, 3316,4767, 3316,4627, 3338,4520, 3323,4439, 3319,4318, 3301,4185, 3415,4185, 3504,4181, 3621,4145, 3706,4100, 3831,4082, 3931,4067, 4023,4071, 4192,4071, 4318,3983, 4447,3920, 4557,3868, 4642,3887, 4771,3872, 4907,3854, 5010,3835, 5099,3828, 5220,3806, 5335,3787, 5434,3850, 5393,3949, 5427,4053, 5519,4056, 5603,4030, 5618,3924, 5589,3795, 5703,3795, 5817,3728, 5883,3599, 6001,3625, 6104,3640, 6141,3728, 6130,3876, 6101,3975, 6016,4001, 5898,4016, 5898,4159, 5953,4296, 6020,4450, 6182,4428, 6314,4373, 6384,4428
MULANUR:5618,3640, 5729,3669, 5670,3717, 5618,3640
EDAKKALPAID:7692,5036, 7707,5158, 7674,5231, 7648,5335, 7615,5434, 7582,5559, 7556,5659, 7534,5810, 7405,5802, 7317,5791, 7191,5762, 7055,5751, 6952,5758, 6856,5743, 6749,5725, 6639,5681, 6536,5637, 6447,5581, 6396,5515, 6432,5371, 6558,5323, 6624,5220, 6550,5058, 6462,5010, 6443,4874, 6436,4771, 6443,4675, 6407,4542, 6384,4428, 6451,4366, 6524,4428, 6738,4450, 6819,4436, 6908,4469, 7007,4476, 7084,4509, 7195,4513, 7269,4649, 7317,4800, 7453,4867, 7574,4926, 7692,5036
KALIPALAYAM:5220,5777, 5161,5858, 5143,6042, 5106,6178, 5088,6292, 4962,6300, 4929,6399, 4926,6558, 4867,6690, 4671,6583, 4579,6539, 4697,6407, 4756,6237, 4708,6119, 4741,5920, 4668,5872, 4557,5865, 4443,5813, 4572,5703, 4723,5640, 4797,5578, 4859,5522, 4955,5511, 5043,5530, 5128,5541, 5213,5600, 5228,5688, 5220,5777
KILANGUDAL:6952,5758, 6974,5869, 6970,5957, 6989,6101, 7118,6141, 7235,6163, 7383,6127, 7490,6141, 7512,6274, 7486,6377, 7317,6355, 7147,6355, 7037,6436, 6967,6524, 6856,6536, 6771,6617, 6764,6709, 6753,6782, 6819,6893, 6867,6992, 6838,7077, 6860,7232, 6878,7379, 6885,7468, 6856,7622, 6863,7748, 6874,7851, 6830,7939, 6819,8024, 6804,8153, 6690,8249, 6642,8378, 6620,8484, 6554,8562, 6528,8669, 6432,8753, 6300,8831, 6167,8838, 6086,8923, 6031,9004, 5953,9070, 5891,9166, 5740,9210, 5655,9136, 5478,9129, 5393,9170, 5386,9262, 5342,9391, 5183,9450, 5165,9571, 5309,9615, 5463,9667, 5607,9811, 5703,9914, 5743,9987, 5773,10068, 5802,10153, 5799,10304, 5755,10411, 5685,10411, 5578,10396, 5416,10385, 5360,10256, 5312,10161, 5242,10072, 5172,9995, 5095,9899, 5021,9825, 4933,9733, 4885,9656, 4915,9538, 4951,9427, 4996,9302, 4999,9144, 5099,9052, 5158,8915, 5224,8768, 5202,8676, 5158,8540, 5158,8414, 5154,8300, 5165,8190, 5165,8046, 5128,7880, 5117,7751, 5125,7644, 5113,7538, 5062,7445, 5043,7339, 5025,7254, 4985,7169, 4944,7048, 4867,7007, 4786,6948, 4800,6808, 4867,6690, 4926,6558, 4929,6399, 4962,6300, 5088,6292, 5106,6178, 5143,6042, 5161,5858, 5220,5777, 5323,5825, 5405,5773, 5519,5762, 5648,5696, 5718,5611, 5806,5592, 5902,5596, 6057,5607, 6215,5603, 6337,5556, 6396,5515, 6447,5581, 6536,5637, 6639,5681, 6749,5725, 6856,5743, 6952,5758
CHINNAMARUDUR:7534,5810, 7652,5847, 7762,5906, 7884,5946, 7902,6060, 7998,6167, 8127,6222, 8315,6237, 8451,6333, 8573,6326, 8650,6274, 8750,6233, 8845,6200, 8949,6171, 9052,6134, 9162,6160, 9295,6226, 9416,6303, 9508,6348, 9567,6425, 9553,6521, 9512,6631, 9486,6701, 9453,6797, 9413,6930, 9369,7044, 9398,7191, 9439,7317, 9479,7453, 9501,7593, 9450,7729, 9383,7876, 9302,7976, 9225,8075, 9089,8190, 8971,8278, 8919,8436, 8915,8554, 8956,8698, 8963,8827, 8923,8919, 8867,8974, 8739,8941, 8565,8875, 8440,8827, 8389,8783, 8422,8654, 8470,8521, 8492,8418, 8499,8296, 8484,8153, 8385,8116, 8296,8090, 8219,8083, 8105,8079, 7998,8016, 7913,7961, 7814,7972, 7766,7876, 7748,7744, 7788,7655, 7836,7600, 7946,7534, 8079,7538, 8094,7457, 8219,7390, 8315,7250, 8330,7092, 8344,6978, 8215,6963, 8094,6944, 7954,6952, 7843,6933, 7773,6790, 7784,6683, 7733,6565, 7571,6495, 7486,6377, 7512,6274, 7490,6141, 7383,6127, 7235,6163, 7118,6141, 6989,6101, 6970,5957, 6974,5869, 6952,5758, 7055,5751, 7191,5762, 7317,5791, 7405,5802, 7534,5810
PONNIVADI:3566,7748, 3563,7832, 3555,7921, 3537,8031, 3511,8131, 3467,8190, 3485,8282, 3485,8374, 3404,8521, 3382,8665, 3353,8797, 3345,8930, 3327,9077, 3308,9162, 3286,9229, 3161,9276, 2955,9310, 2818,9372, 2660,9409, 2468,9398, 2336,9361, 2214,9332, 2015,9291, 1883,9254, 1724,9225, 1614,9210, 1511,9195, 1400,9170, 1264,9166, 1127,9159, 1002,9103, 903,9033, 774,8930, 685,8904, 619,8982, 483,9011, 427,8919, 372,8842, 332,8750, 299,8661, 251,8565, 195,8448, 136,8348, 74,8260, 0,8156, 37,8005, 103,7854, 188,7729, 276,7615, 324,7549, 365,7457, 420,7364, 520,7394, 637,7427, 781,7409, 906,7412, 1043,7387, 1275,7350, 1444,7328, 1573,7339, 1687,7353, 1802,7346, 1908,7339, 2001,7317, 2133,7272, 2255,7302, 2380,7317, 2483,7324, 2594,7298, 2734,7272, 2859,7210, 2984,7298, 3106,7350, 3165,7457, 3257,7560, 3353,7637, 3459,7692, 3566,7748
