Kanakkampalayam:7065,5411, 7185,5568, 7185,5762, 7139,5882, 7135,6018, 7131,6142, 7168,6245, 7057,6249, 6949,6237, 6813,6225, 6706,6212, 6652,6159, 6574,6101, 6437,6088, 6293,6084, 6189,6006, 6041,5997, 6045,5845, 5937,5799, 5851,5774, 5834,5659, 5818,5522, 5752,5357, 5780,5229, 5933,5213, 6057,5204, 6144,5242, 6280,5229, 6404,5287, 6516,5328, 6652,5337, 6801,5324, 6937,5357, 7065,5411
Mannarai:7272,7645, 7313,7815, 7416,7881, 7524,7902, 7693,7964, 7842,8042, 7895,8170, 7809,8261, 7681,8397, 7602,8430, 7491,8476, 7375,8496, 7284,8521, 7201,8583, 7057,8587, 6929,8662, 6825,8744, 6702,8744, 6569,8790, 6408,8860, 6284,8856, 6140,8897, 6032,8975, 5933,9000, 5863,8934, 5772,8876, 6247,8616, 6247,8480, 6239,8348, 6235,8195, 6227,8046, 6227,7926, 6177,7794, 6189,7633, 6041,7513, 6185,7501, 6297,7526, 6425,7555, 6528,7612, 6660,7687, 6776,7749, 6920,7740, 7020,7637, 7152,7633, 7272,7645
Pattampalayam:6834,54, 6788,231, 6743,413, 6747,537, 6809,648, 6751,789, 6648,884, 6574,793, 6528,686, 6425,607, 6326,525, 6194,529, 6222,702, 6297,801, 6350,983, 6313,1173, 6115,1157, 6086,1016, 6032,843, 5958,673, 5793,587, 5624,549, 5533,397, 5537,277, 5545,173, 5533,58, 5731,29, 5871,17, 5991,25, 6119,58, 6293,50, 6421,25, 6528,54, 6648,33, 6743,0, 6834,54
Sokkanur:6809,648, 6875,756, 7016,777, 7131,826, 7234,880, 7338,929, 7329,1074, 7433,1169, 7441,1305, 7486,1380, 7586,1470, 7478,1570, 7391,1677, 7197,1727, 7069,1706, 7011,1751, 6929,1764, 6958,1892, 7007,2049, 6817,2016, 6681,1999, 6540,1999, 6429,1966, 6330,1970, 6214,1962, 6115,1966, 5958,1974, 5814,2003, 5793,1937, 5838,1859, 5942,1822, 5999,1665, 5983,1532, 6070,1446, 6111,1276, 6115,1157, 6313,1173, 6350,983, 6297,801, 6222,702, 6194,529, 6326,525, 6425,607, 6528,686, 6574,793, 6648,884, 6751,789, 6809,648
Vallipuram:7846,2507, 7730,2511, 7643,2635, 7606,2747, 7569,2838, 7561,2916, 7528,3065, 7503,3205, 7350,3242, 7172,3300, 7160,3445, 7036,3494, 6937,3548, 6867,3627, 6780,3689, 6693,3672, 6569,3635, 6557,3486, 6590,3362, 6569,3209, 6441,3234, 6326,3226, 6392,3123, 6392,2999, 6396,2891, 6470,2813, 6582,2784, 6669,2726, 6772,2710, 6842,2635, 6945,2532, 6916,2383, 7003,2325, 6995,2218, 7007,2049, 6958,1892, 6929,1764, 7011,1751, 7069,1706, 7197,1727, 7391,1677, 7478,1570, 7586,1470, 7631,1627, 7610,1784, 7664,1912, 7705,2069, 7755,2173, 7788,2276, 7813,2387, 7846,2507
Merkupathi:7007,2049, 6995,2218, 7003,2325, 6916,2383, 6945,2532, 6830,2507, 6706,2515, 6669,2623, 6669,2726, 6536,2701, 6408,2726, 6227,2825, 6045,2867, 5929,2817, 5838,2776, 5694,2792, 5599,2821, 5500,2825, 5446,2738, 5367,2718, 5252,2697, 5252,2594, 5289,2462, 5409,2458, 5504,2487, 5586,2503, 5607,2371, 5590,2230, 5710,2119, 5814,2003, 5958,1974, 6115,1966, 6214,1962, 6330,1970, 6429,1966, 6540,1999, 6681,1999, 6817,2016, 7007,2049
Thoravalur:6945,2532, 6842,2635, 6772,2710, 6669,2726, 6669,2623, 6706,2515, 6830,2507, 6945,2532
Thoravalur:6669,2726, 6582,2784, 6470,2813, 6396,2891, 6392,2999, 6392,3123, 6326,3226, 6441,3234, 6569,3209, 6590,3362, 6557,3486, 6569,3635, 6392,3693, 6235,3676, 6119,3647, 5970,3627, 5863,3569, 5756,3585, 5632,3606, 5537,3602, 5384,3635, 5367,3540, 5396,3379, 5359,3214, 5330,3036, 5252,2879, 5252,2697, 5367,2718, 5446,2738, 5500,2825, 5599,2821, 5694,2792, 5838,2776, 5929,2817, 6045,2867, 6227,2825, 6408,2726, 6536,2701, 6669,2726
Perumanallur:7503,4432, 7449,4527, 7391,4605, 7177,4767, 7131,4907, 7111,5027, 7111,5171, 7086,5299, 7065,5411, 6937,5357, 6801,5324, 6652,5337, 6516,5328, 6404,5287, 6280,5229, 6144,5242, 6057,5204, 6090,5109, 6094,4965, 6284,5006, 6297,4841, 6297,4713, 6342,4597, 6313,4444, 6251,4296, 6371,4254, 6532,4308, 6598,4197, 6652,4089, 6640,3961, 6656,3841, 6743,3808, 6780,3689, 6867,3627, 6937,3548, 7036,3494, 7160,3445, 7152,3527, 7156,3627, 7210,3726, 7177,3833, 7292,3899, 7412,3953, 7441,4056, 7474,4213, 7482,4345, 7503,4432
Ettiveerampalayam:6569,3635, 6693,3672, 6780,3689, 6743,3808, 6656,3841, 6640,3961, 6652,4089, 6598,4197, 6532,4308, 6371,4254, 6251,4296, 6313,4444, 6342,4597, 6297,4713, 6297,4841, 6284,5006, 6094,4965, 6090,5109, 6057,5204, 5933,5213, 5780,5229, 5752,5357, 5673,5283, 5673,5184, 5533,5171, 5409,5213, 5268,5200, 5136,5093, 4971,5035, 4847,4985, 4822,4874, 4781,4767, 4855,4639, 4954,4469, 5062,4329, 5128,4213, 5252,4118, 5272,3982, 5326,3916, 5343,3825, 5351,3722, 5384,3635, 5537,3602, 5632,3606, 5756,3585, 5863,3569, 5970,3627, 6119,3647, 6235,3676, 6392,3693, 6569,3635
Kalipalayam:7780,4556, 7866,4610, 7982,4655, 8131,4725, 8267,4783, 8379,4824, 8502,4911, 8469,5068, 8482,5246, 8469,5403, 8407,5485, 8391,5655, 8387,5807, 8366,5985, 8279,6121, 8251,6237, 8081,6274, 7945,6266, 7817,6245, 7627,6241, 7334,6291, 7168,6245, 7131,6142, 7135,6018, 7139,5882, 7185,5762, 7185,5568, 7065,5411, 7086,5299, 7111,5171, 7111,5027, 7131,4907, 7177,4767, 7391,4605, 7449,4527, 7503,4432, 7623,4515, 7780,4556
Pongupalayam:5752,5357, 5818,5522, 5834,5659, 5851,5774, 5723,5853, 5562,5956, 5429,5927, 5285,5985, 5268,6121, 5248,6233, 5161,6320, 5049,6365, 4950,6460, 4802,6505, 4636,6642, 4550,6551, 4587,6419, 4579,6295, 4587,6212, 4496,6220, 4347,6262, 4265,6092, 4310,5997, 4401,5997, 4484,5894, 4603,5840, 4661,5729, 4661,5469, 4715,5378, 4814,5279, 4855,5126, 4847,4985, 4971,5035, 5136,5093, 5268,5200, 5409,5213, 5533,5171, 5673,5184, 5673,5283, 5752,5357
Chettipalayam:6041,5997, 5937,6010, 5851,6076, 5809,6212, 5764,6344, 5714,6505, 5657,6634, 5632,6753, 5669,6840, 5586,6931, 5462,6989, 5380,7100, 5318,7241, 5235,7340, 5318,7517, 5442,7637, 5462,7761, 5450,7864, 5334,7935, 5103,7935, 4975,7844, 4946,7716, 4954,7596, 4971,7472, 5012,7332, 4897,7224, 4777,7075, 4661,6972, 4537,6857, 4624,6786, 4636,6642, 4802,6505, 4950,6460, 5049,6365, 5161,6320, 5248,6233, 5268,6121, 5285,5985, 5429,5927, 5562,5956, 5723,5853, 5851,5774, 5937,5799, 6045,5845, 6041,5997
Neruperichal:7168,6245, 7334,6291, 7627,6241, 7817,6245, 7945,6266, 8081,6274, 8251,6237, 8238,6373, 8271,6477, 8255,6596, 8151,6584, 8061,6559, 7904,6563, 7924,6724, 7966,6877, 7970,7009, 7966,7117, 7978,7224, 8007,7344, 8048,7501, 7953,7542, 7875,7472, 7780,7414, 7635,7451, 7499,7489, 7400,7493, 7284,7513, 7272,7645, 7152,7633, 7020,7637, 6920,7740, 6776,7749, 6660,7687, 6528,7612, 6425,7555, 6297,7526, 6185,7501, 6041,7513, 5896,7538, 5727,7575, 5578,7579, 5442,7637, 5318,7517, 5235,7340, 5318,7241, 5380,7100, 5462,6989, 5586,6931, 5669,6840, 5632,6753, 5657,6634, 5714,6505, 5764,6344, 5809,6212, 5851,6076, 5937,6010, 6041,5997, 6189,6006, 6293,6084, 6437,6088, 6574,6101, 6652,6159, 6706,6212, 6813,6225, 6949,6237, 7057,6249, 7168,6245
Mangalam:3331,8885, 3451,8971, 3546,9079, 3496,9194, 3554,9281, 3546,9417, 3604,9550, 3488,9595, 3397,9678, 3269,9777, 3125,9797, 2972,9802, 2860,9835, 2761,9847, 2612,9859, 2559,9702, 2406,9665, 2307,9558, 2179,9541, 2088,9442, 1989,9413, 1865,9455, 1745,9550, 1617,9607, 1472,9653, 1456,9484, 1468,9314, 1464,9120, 1592,9013, 1708,8984, 1828,8934, 1956,8872, 2071,8905, 2179,8930, 2286,8934, 2422,8942, 2563,8934, 2666,8909, 2782,8901, 2910,8885, 3025,8868, 3145,8839, 3253,8831, 3331,8885
Muthanampalayam:8622,10516, 8664,10665, 8643,10772, 8564,10884, 8519,11028, 8428,11181, 8370,11309, 8358,11408, 8259,11437, 8160,11516, 8069,11598, 8023,11743, 7891,11854, 7804,11945, 7726,11999, 7672,11883, 7594,11722, 7462,11644, 7350,11640, 7247,11586, 7077,11565, 7020,11466, 7049,11346, 7073,11210, 7044,11065, 6970,10917, 6892,10747, 6859,10632, 6830,10533, 6801,10413, 6743,10297, 6751,10161, 6747,10016, 6817,9905, 6929,9847, 6941,9682, 7061,9657, 7164,9744, 7263,9806, 7379,9797, 7519,9756, 7672,9723, 7866,9661, 7978,9731, 8102,9843, 8127,9938, 8205,10016, 8176,10153, 8143,10272, 8267,10310, 8374,10326, 8469,10429, 8622,10516
Velampalayam:5103,7935, 5066,8038, 5062,8182, 5049,8306, 4888,8269, 4851,8414, 4843,8624, 4835,8798, 4793,8930, 4731,9009, 4587,8992, 4389,8963, 4265,8955, 4165,8914, 3988,8868, 3798,8819, 3748,8649, 3682,8517, 3641,8418, 3517,8315, 3484,8191, 3476,8071, 3463,7943, 3558,7848, 3521,7679, 3455,7522, 3513,7460, 3604,7377, 3653,7257, 3761,7142, 3996,7129, 4207,7121, 4393,7075, 4434,6960, 4537,6857, 4661,6972, 4777,7075, 4897,7224, 5012,7332, 4971,7472, 4954,7596, 4946,7716, 4975,7844, 5103,7935
Thottipalayam:5933,9000, 5847,9050, 5727,9070, 5557,9062, 5392,9149, 5260,9199, 5149,9215, 5041,9157, 4876,9091, 4731,9009, 4793,8930, 4835,8798, 4843,8624, 4851,8414, 4888,8269, 5049,8306, 5062,8182, 5066,8038, 5103,7935, 5334,7935, 5450,7864, 5462,7761, 5442,7637, 5578,7579, 5727,7575, 5896,7538, 6041,7513, 6189,7633, 6177,7794, 6227,7926, 6227,8046, 6235,8195, 6239,8348, 6247,8480, 6247,8616, 5772,8876, 5863,8934, 5933,9000
Tiruppur:6499,9987, 6326,9905, 6309,9806, 6235,9702, 6144,9599, 6012,9603, 5892,9640, 5768,9649, 5652,9723, 5524,9864, 5384,9864, 5231,9880, 5029,9855, 5008,9748, 4996,9620, 5012,9492, 5058,9360, 5149,9215, 5260,9199, 5392,9149, 5557,9062, 5727,9070, 5847,9050, 5933,9000, 6032,8975, 6140,8897, 6284,8856, 6408,8860, 6569,8790, 6702,8744, 6825,8744, 6875,8864, 6867,8955, 6759,9087, 6611,9174, 6549,9302, 6450,9327, 6483,9455, 6487,9616, 6549,9802, 6499,9987
Andipalayam:3798,8819, 3988,8868, 4165,8914, 4265,8955, 4389,8963, 4587,8992, 4731,9009, 4876,9091, 5041,9157, 5149,9215, 5058,9360, 5012,9492, 4996,9620, 5008,9748, 5029,9855, 4839,9851, 4616,9851, 4438,9830, 4260,9777, 4066,9802, 3947,9760, 3823,9760, 3806,9669, 3761,9603, 3703,9562, 3604,9550, 3546,9417, 3554,9281, 3496,9194, 3546,9079, 3451,8971, 3331,8885, 3455,8810, 3624,8806, 3798,8819
Iduvoi:3823,9760, 3794,9830, 3773,9938, 3690,9959, 3699,10058, 3732,10169, 3802,10305, 3814,10454, 3930,10590, 3988,10710, 3885,10760, 3711,10652, 3579,10702, 3612,10814, 3649,10921, 3591,11020, 3480,11078, 3360,11082, 3372,11198, 3257,11243, 3154,11181, 3149,11028, 3104,10871, 2959,10785, 2997,10628, 2926,10483, 2852,10367, 2716,10318, 2588,10297, 2604,10136, 2584,10008, 2612,9859, 2761,9847, 2860,9835, 2972,9802, 3125,9797, 3269,9777, 3397,9678, 3488,9595, 3604,9550, 3703,9562, 3761,9603, 3806,9669, 3823,9760
Mudalipalayam:9316,7728, 9382,7753, 9469,7794, 9614,7852, 9795,7877, 9944,7935, 10105,8013, 10254,8050, 10341,8083, 10460,8154, 10448,8323, 10469,8480, 10510,8624, 10543,8777, 10497,8885, 10464,9013, 10469,9141, 10369,9327, 10151,9574, 10022,9587, 9903,9562, 9812,9674, 9742,9769, 9614,9715, 9502,9682, 9452,9541, 9357,9422, 9213,9364, 9072,9355, 8957,9314, 8911,9161, 8796,9104, 8688,9050, 8589,8992, 8469,8971, 8362,8955, 8275,8918, 8184,8835, 8160,8695, 8139,8571, 8147,8447, 8147,8327, 8143,8195, 8110,8104, 8238,8092, 8379,8034, 8527,8013, 8701,7897, 8738,7769, 8887,7720, 9002,7745, 9155,7774, 9316,7728
Veerapandi:5029,9855, 5231,9880, 5384,9864, 5524,9864, 5632,9917, 5624,10041, 5805,10033, 5937,10045, 6078,10074, 6280,10062, 6499,9987, 6631,10008, 6747,10016, 6751,10161, 6743,10297, 6801,10413, 6830,10533, 6859,10632, 6892,10747, 6970,10917, 6788,10925, 6644,10946, 6483,10999, 6363,11049, 6235,11061, 6140,10979, 5979,10970, 5847,10942, 5747,11049, 5607,11103, 5462,11227, 5347,11119, 5268,10975, 5186,10900, 5070,10822, 4934,10859, 4802,10863, 4661,10793, 4537,10768, 4488,10624, 4355,10562, 4174,10549, 4037,10553, 3930,10590, 3814,10454, 3802,10305, 3732,10169, 3699,10058, 3690,9959, 3773,9938, 3794,9830, 3823,9760, 3947,9760, 4066,9802, 4260,9777, 4438,9830, 4616,9851, 4839,9851, 5029,9855
