Naranapuram:7509,3027, 7576,3186, 7627,3341, 7689,3490, 7771,3685, 7833,3937, 7854,4163, 7776,4333, 7725,4534, 7704,4770, 7684,4945, 7689,5105, 7622,5228, 7643,5377, 7612,5547, 7617,5727, 7689,5830, 7751,6000, 7740,6205, 7802,6344, 7843,6514, 7730,6678, 7617,6720, 7488,6776, 7473,6961, 7468,7110, 7344,7069, 7180,7100, 6984,7105, 6851,6982, 6748,6920, 6666,6797, 6516,6786, 6568,6606, 6594,6447, 6655,6334, 6779,6267, 6743,6144, 6763,5979, 6789,5804, 6702,5609, 6480,5531, 6491,5377, 6552,5207, 6573,5053, 6434,4986, 6321,4883, 6419,4750, 6275,4667, 6203,4539, 6151,4395, 6234,4313, 6244,4199, 6228,4076, 6151,3999, 6249,3932, 6388,3906, 6383,3737, 6470,3613, 6599,3690, 6743,3634, 6727,3490, 6876,3485, 7015,3413, 7087,3289, 7041,3155, 7000,3017, 7164,2955, 7380,3089, 7509,3027
Samalapuram:4367,1047, 4372,1289, 4356,1499, 4377,1710, 4331,1885, 4320,2045, 4269,2209, 4269,2333, 4253,2461, 4223,2621, 4089,2749, 3863,2852, 3672,2924, 3544,2960, 3436,2970, 3323,2981, 3137,3017, 2968,3058, 2808,3099, 2633,3114, 2443,3186, 2248,3243, 2052,3238, 1867,3325, 1728,3371, 1553,3433, 1445,3485, 1317,3500, 1178,3551, 967,3618, 839,3551, 756,3469, 669,3397, 597,3284, 520,3099, 612,2857, 741,2759, 905,2734, 993,2651, 1137,2585, 1291,2538, 1435,2446, 1615,2374, 1785,2312, 1965,2250, 2088,2183, 2119,2070, 2248,1978, 2407,1834, 2577,1710, 2741,1669, 2932,1700, 3091,1669, 3189,1587, 3297,1510, 3410,1489, 3492,1417, 3605,1371, 3703,1294, 3827,1186, 3960,1073, 4140,944, 4367,1047
Poomalur:5796,1967, 5760,2153, 5786,2312, 5766,2513, 5663,2615, 5477,2703, 5277,2790, 5246,2929, 5097,3011, 4932,3176, 5004,3351, 5061,3526, 5030,3675, 5015,3793, 4932,3947, 4768,3973, 4634,3932, 4500,3881, 4552,4081, 4541,4246, 4459,4369, 4325,4441, 4187,4410, 4022,4493, 3868,4493, 3760,4554, 3626,4637, 3616,4482, 3621,4338, 3600,4205, 3600,4071, 3595,3906, 3585,3701, 3611,3495, 3657,3305, 3626,3119, 3544,2960, 3672,2924, 3863,2852, 4089,2749, 4223,2621, 4253,2461, 4269,2333, 4269,2209, 4320,2045, 4331,1885, 4377,1710, 4557,1654, 4716,1582, 4865,1463, 5020,1412, 5143,1448, 5256,1571, 5416,1592, 5539,1726, 5730,1772, 5796,1967
Poomalur:5040,4097, 4886,4107, 4932,3947, 5040,4097
Velampalayam:6470,3613, 6383,3737, 6388,3906, 6249,3932, 6151,3999, 6012,3973, 5935,4107, 5925,4246, 5745,4297, 5658,4220, 5591,4364, 5452,4364, 5297,4431, 5195,4302, 5128,4199, 5040,4097, 4932,3947, 5015,3793, 5030,3675, 5061,3526, 5004,3351, 4932,3176, 5097,3011, 5246,2929, 5277,2790, 5477,2703, 5663,2615, 5766,2513, 5925,2538, 6095,2600, 6187,2744, 6275,2924, 6228,3119, 6408,3227, 6465,3423, 6470,3613
Ichipatti:3626,4637, 3369,4631, 3168,4575, 3035,4534, 2901,4585, 2736,4570, 2613,4539, 2597,4709, 2489,4832, 2299,4745, 2191,4595, 2006,4482, 1764,4503, 1620,4595, 1451,4518, 1337,4451, 1178,4421, 1091,4251, 1070,4055, 1034,3875, 957,3757, 967,3618, 1178,3551, 1317,3500, 1445,3485, 1553,3433, 1728,3371, 1867,3325, 2052,3238, 2248,3243, 2443,3186, 2633,3114, 2808,3099, 2968,3058, 3137,3017, 3323,2981, 3436,2970, 3544,2960, 3626,3119, 3657,3305, 3611,3495, 3585,3701, 3595,3906, 3600,4071, 3600,4205, 3621,4338, 3616,4482, 3626,4637
Sukkampalayam:4932,3947, 4886,4107, 5040,4097, 5128,4199, 5195,4302, 5297,4431, 5431,4508, 5447,4616, 5477,4801, 5508,5033, 5591,5238, 5678,5398, 5796,5583, 5678,5655, 5658,5850, 5750,5922, 5817,6010, 5668,6036, 5498,6072, 5380,6190, 5339,6339, 5205,6354, 5097,6231, 4953,6133, 4757,6108, 4727,5804, 4583,5681, 4644,5506, 4500,5506, 4361,5583, 4233,5609, 4125,5665, 3996,5727, 3847,5768, 3816,5866, 3683,5773, 3744,5619, 3616,5526, 3467,5562, 3328,5614, 3148,5629, 3204,5429, 3415,5418, 3580,5321, 3688,5295, 3708,5171, 3652,5017, 3647,4837, 3626,4637, 3760,4554, 3868,4493, 4022,4493, 4187,4410, 4325,4441, 4459,4369, 4541,4246, 4552,4081, 4500,3881, 4634,3932, 4768,3973, 4932,3947
Palladam:6151,3999, 6228,4076, 6244,4199, 6234,4313, 6151,4395, 6203,4539, 6275,4667, 6419,4750, 6321,4883, 6434,4986, 6573,5053, 6552,5207, 6491,5377, 6480,5531, 6702,5609, 6789,5804, 6763,5979, 6743,6144, 6779,6267, 6655,6334, 6594,6447, 6568,6606, 6516,6786, 6306,6766, 6187,6900, 5982,6977, 5843,7013, 5750,7018, 5688,6884, 5606,6709, 5462,6612, 5241,6632, 5107,6550, 5040,6437, 4948,6385, 5097,6231, 5205,6354, 5339,6339, 5380,6190, 5498,6072, 5668,6036, 5817,6010, 5750,5922, 5658,5850, 5678,5655, 5796,5583, 5678,5398, 5591,5238, 5508,5033, 5477,4801, 5447,4616, 5431,4508, 5297,4431, 5452,4364, 5591,4364, 5658,4220, 5745,4297, 5925,4246, 5935,4107, 6012,3973, 6151,3999
Ganapathipalayam:9983,4549, 10008,4657, 9926,4806, 9746,4986, 9664,5120, 9674,5269, 9798,5367, 9720,5490, 9746,5629, 9962,5645, 10168,5573, 10389,5562, 10579,5603, 10646,5753, 10739,5856, 10621,5979, 10559,6138, 10538,6267, 10549,6442, 10538,6617, 10574,6745, 10482,6838, 10374,6869, 10266,6936, 10111,7044, 10065,6822, 9978,6766, 9864,6761, 9741,6750, 9607,6720, 9438,6684, 9273,6678, 9144,6576, 9072,6437, 8964,6360, 8882,6210, 8779,6097, 8656,6061, 8527,6025, 8424,6041, 8286,6072, 8034,6108, 7864,6149, 7740,6205, 7751,6000, 7689,5830, 7617,5727, 7612,5547, 7643,5377, 7622,5228, 7689,5105, 7684,4945, 7704,4770, 7725,4534, 7776,4333, 7956,4400, 8044,4451, 8142,4498, 8363,4503, 8579,4595, 8723,4662, 8867,4678, 9088,4637, 9252,4559, 9201,4431, 9150,4297, 9057,4194, 9211,4205, 9330,4261, 9422,4220, 9407,4055, 9510,4014, 9592,4163, 9659,4323, 9864,4400, 9983,4549
Kodangipalayam:3626,4637, 3647,4837, 3652,5017, 3708,5171, 3688,5295, 3580,5321, 3415,5418, 3204,5429, 3148,5629, 2988,5727, 2916,5830, 2911,5943, 2844,6072, 2793,6216, 2690,6318, 2536,6293, 2387,6282, 2232,6349, 2232,6473, 2032,6483, 1821,6457, 1723,6298, 1631,6180, 1507,6108, 1481,5902, 1291,5922, 1085,6000, 957,5825, 880,5645, 941,5501, 1044,5305, 1044,5156, 1008,4935, 1070,4760, 1132,4662, 1152,4549, 1178,4421, 1337,4451, 1451,4518, 1620,4595, 1764,4503, 2006,4482, 2191,4595, 2299,4745, 2489,4832, 2597,4709, 2613,4539, 2736,4570, 2901,4585, 3035,4534, 3168,4575, 3369,4631, 3626,4637
Semmipalayam:5097,6231, 4948,6385, 4814,6390, 4655,6385, 4562,6493, 4428,6504, 4336,6586, 4197,6622, 3981,6560, 3816,6653, 3652,6740, 3636,6570, 3431,6534, 3240,6488, 3153,6375, 3127,6231, 3065,6041, 2911,5943, 2916,5830, 2988,5727, 3148,5629, 3328,5614, 3467,5562, 3616,5526, 3744,5619, 3683,5773, 3816,5866, 3847,5768, 3996,5727, 4125,5665, 4233,5609, 4361,5583, 4500,5506, 4644,5506, 4583,5681, 4727,5804, 4757,6108, 4953,6133, 5097,6231
Paruvoi:2690,6318, 2721,6426, 2649,6570, 2654,6807, 2654,6987, 2649,7157, 2520,7285, 2402,7249, 2304,7172, 2279,7038, 2222,6905, 2073,6920, 1944,7018, 1821,7110, 1641,7157, 1507,7141, 1404,7157, 1327,7224, 1219,7244, 1091,7229, 931,7244, 797,7290, 684,7285, 540,7347, 468,7213, 401,7090, 314,6905, 206,6750, 72,6570, 0,6385, 180,6324, 298,6241, 432,6118, 478,5964, 576,5814, 746,5747, 880,5645, 957,5825, 1085,6000, 1291,5922, 1481,5902, 1507,6108, 1631,6180, 1723,6298, 1821,6457, 2032,6483, 2232,6473, 2232,6349, 2387,6282, 2536,6293, 2690,6318
K.Ayyampalayam:4197,6622, 4253,6802, 4320,6956, 4284,7121, 4300,7265, 4125,7373, 3899,7378, 3899,7491, 3775,7460, 3744,7650, 3765,7794, 3929,7815, 4012,7902, 3996,8041, 3914,8113, 3760,8108, 3616,8077, 3508,8134, 3374,8129, 3215,8139, 3035,8237, 2849,8247, 2669,8226, 2705,8108, 2721,7928, 2721,7697, 2726,7517, 2700,7404, 2685,7285, 2649,7157, 2654,6987, 2654,6807, 2649,6570, 2721,6426, 2690,6318, 2793,6216, 2844,6072, 2911,5943, 3065,6041, 3127,6231, 3153,6375, 3240,6488, 3431,6534, 3636,6570, 3652,6740, 3816,6653, 3981,6560, 4197,6622
Panickampatti:5750,7018, 5637,7054, 5601,7157, 5436,7224, 5339,7429, 5236,7625, 5133,7733, 5076,7866, 4968,7974, 4968,8103, 5020,8216, 5092,8350, 5102,8489, 5267,8622, 5385,8838, 5380,9034, 5272,9198, 5364,9312, 5421,9430, 5256,9517, 5102,9538, 4963,9548, 4845,9558, 4763,9507, 4829,9430, 4799,9306, 4824,9111, 4763,8910, 4871,8885, 4973,8859, 5015,8710, 4958,8581, 4860,8442, 4793,8309, 4624,8273, 4505,8211, 4433,8118, 4253,8103, 4120,8067, 3996,8041, 4012,7902, 3929,7815, 3765,7794, 3744,7650, 3775,7460, 3899,7491, 3899,7378, 4125,7373, 4300,7265, 4284,7121, 4320,6956, 4253,6802, 4197,6622, 4336,6586, 4428,6504, 4562,6493, 4655,6385, 4814,6390, 4948,6385, 5040,6437, 5107,6550, 5241,6632, 5462,6612, 5606,6709, 5688,6884, 5750,7018
VadugapalayamPudur:6516,6786, 6666,6797, 6748,6920, 6851,6982, 6984,7105, 7180,7100, 7344,7069, 7468,7110, 7488,7285, 7545,7445, 7494,7640, 7339,7676, 7350,7815, 7128,7902, 6995,8062, 6753,8093, 6506,8072, 6264,8144, 6141,8283, 5925,8304, 5832,8530, 5838,8694, 5879,8864, 5802,9054, 5755,9250, 5601,9312, 5477,9322, 5364,9312, 5272,9198, 5380,9034, 5385,8838, 5267,8622, 5102,8489, 5092,8350, 5020,8216, 4968,8103, 4968,7974, 5076,7866, 5133,7733, 5236,7625, 5339,7429, 5436,7224, 5601,7157, 5637,7054, 5750,7018, 5843,7013, 5982,6977, 6187,6900, 6306,6766, 6516,6786
Karadivavi:2649,7157, 2685,7285, 2700,7404, 2726,7517, 2721,7697, 2721,7928, 2705,8108, 2669,8226, 2623,8422, 2489,8669, 2340,8802, 2068,8751, 1898,8520, 1780,8448, 1579,8478, 1451,8556, 1343,8499, 1240,8422, 1204,8309, 1137,8160, 988,8180, 823,8288, 731,8134, 725,7902, 684,7717, 602,7522, 540,7347, 684,7285, 797,7290, 931,7244, 1091,7229, 1219,7244, 1327,7224, 1404,7157, 1507,7141, 1641,7157, 1821,7110, 1944,7018, 2073,6920, 2222,6905, 2279,7038, 2304,7172, 2402,7249, 2520,7285, 2649,7157
Chithambalam:7848,8787, 7818,8874, 7869,9018, 7710,9060, 7524,9106, 7427,9193, 7314,9348, 7200,9497, 7077,9610, 6912,9651, 6815,9774, 6660,9846, 6516,9795, 6496,9949, 6424,10145, 6388,9980, 6383,9862, 6336,9754, 6192,9708, 6043,9646, 5889,9605, 5796,9594, 5688,9569, 5586,9476, 5421,9430, 5364,9312, 5477,9322, 5601,9312, 5755,9250, 5802,9054, 5879,8864, 5838,8694, 5832,8530, 5925,8304, 6141,8283, 6264,8144, 6506,8072, 6753,8093, 6995,8062, 7128,7902, 7350,7815, 7339,7676, 7494,7640, 7509,7769, 7545,7918, 7622,8108, 7704,8226, 7771,8401, 7782,8561, 7848,8658, 7848,8787
Anuppatti:4763,9507, 4629,9543, 4562,9641, 4408,9646, 4289,9605, 4192,9492, 4027,9399, 3863,9322, 3657,9306, 3621,9116, 3605,8931, 3467,8772, 3297,8823, 3122,8828, 2988,8679, 2752,8628, 2489,8669, 2623,8422, 2669,8226, 2849,8247, 3035,8237, 3215,8139, 3374,8129, 3508,8134, 3616,8077, 3760,8108, 3914,8113, 3996,8041, 4120,8067, 4253,8103, 4433,8118, 4505,8211, 4624,8273, 4793,8309, 4860,8442, 4958,8581, 5015,8710, 4973,8859, 4871,8885, 4763,8910, 4824,9111, 4799,9306, 4829,9430, 4763,9507
Mallegoundenpalayam:2489,8669, 2459,8859, 2412,8982, 2448,9111, 2464,9234, 2397,9445, 2289,9625, 2253,9816, 2243,9996, 2289,10114, 2088,10222, 1919,10170, 1805,10124, 1703,10068, 1559,10016, 1440,10062, 1296,10104, 1219,9990, 1183,9846, 1142,9697, 1060,9558, 998,9404, 988,9281, 1132,9178, 1049,9029, 921,8895, 911,8710, 864,8561, 875,8437, 823,8288, 988,8180, 1137,8160, 1204,8309, 1240,8422, 1343,8499, 1451,8556, 1579,8478, 1780,8448, 1898,8520, 2068,8751, 2340,8802, 2489,8669
Puliampatti:3657,9306, 3729,9507, 3621,9625, 3487,9754, 3364,9903, 3230,9975, 3071,10083, 2875,10042, 2716,10052, 2587,10083, 2438,10098, 2289,10114, 2243,9996, 2253,9816, 2289,9625, 2397,9445, 2464,9234, 2448,9111, 2412,8982, 2459,8859, 2489,8669, 2752,8628, 2988,8679, 3122,8828, 3297,8823, 3467,8772, 3605,8931, 3621,9116, 3657,9306
K.Krishnapuram:4289,9605, 4279,9810, 4166,9975, 4135,10124, 4145,10258, 4151,10433, 4115,10577, 4125,10762, 4058,10963, 3914,10870, 3755,10849, 3569,10921, 3415,11019, 3297,11055, 3189,11019, 3117,10937, 3019,10896, 2834,10849, 2597,10824, 2448,10664, 2366,10541, 2381,10407, 2309,10258, 2289,10114, 2438,10098, 2587,10083, 2716,10052, 2875,10042, 3071,10083, 3230,9975, 3364,9903, 3487,9754, 3621,9625, 3729,9507, 3657,9306, 3863,9322, 4027,9399, 4192,9492, 4289,9605
Karaipudur:11222,3284, 11315,3469, 11351,3649, 11320,3819, 11284,3968, 11356,4091, 11567,4117, 11695,4184, 11834,4189, 11999,4287, 11906,4323, 11783,4323, 11613,4354, 11587,4523, 11454,4585, 11346,4575, 11197,4683, 11017,4811, 10888,4919, 10801,4770, 10672,4739, 10677,4894, 10610,5033, 10477,4991, 10348,4837, 10297,4631, 10281,4498, 10106,4498, 9983,4549, 9864,4400, 9659,4323, 9592,4163, 9510,4014, 9407,4055, 9422,4220, 9330,4261, 9211,4205, 9057,4194, 9150,4297, 9201,4431, 9252,4559, 9088,4637, 8867,4678, 8723,4662, 8579,4595, 8363,4503, 8142,4498, 8044,4451, 7956,4400, 7776,4333, 7854,4163, 7833,3937, 7771,3685, 7689,3490, 7627,3341, 7576,3186, 7509,3027, 7437,2878, 7571,2831, 7740,2826, 7967,2842, 8131,2919, 8193,3099, 8347,3130, 8522,3217, 8687,3212, 8856,3166, 9000,3263, 9103,3356, 9201,3536, 9345,3670, 9525,3515, 9700,3449, 9823,3315, 9988,3351, 10188,3361, 10307,3464, 10466,3449, 10615,3387, 10816,3320, 10996,3294, 11222,3284
