CHINNAKKAMPALAYAM:5020,8406, 4963,8474, 4902,8603, 4837,8699, 4787,8757, 4719,8796, 4633,8807, 4569,8800, 4444,8767, 4325,8746, 4222,8782, 4129,8843, 4057,8882, 3971,8911, 3849,8936, 3713,8928, 3591,8853, 3505,8817, 3452,8735, 3380,8642, 3341,8574, 3276,8510, 3205,8456, 3144,8395, 3104,8309, 3087,8234, 3054,8134, 3033,8012, 3008,7944, 2990,7847, 2972,7736, 2968,7604, 2976,7493, 2983,7428, 3015,7342, 3058,7246, 3097,7102, 3158,7002, 3201,6905, 3208,6827, 3226,6737, 3248,6655, 3294,6565, 3430,6626, 3531,6676, 3638,6723, 3778,6766, 3871,6784, 4032,6805, 4118,6834, 4207,6913, 4279,6873, 4322,6809, 4390,6701, 4451,6562, 4501,6418, 4512,6300, 4590,6214, 4666,6143, 4737,6071, 4809,6010, 4880,5982, 4952,5914, 5056,5828, 5149,5735, 5231,5709, 5299,5638, 5400,5613, 5543,5584, 5650,5624, 5715,5659, 5740,5792, 5740,5878, 5729,5957, 5729,6050, 5722,6150, 5704,6254, 5683,6336, 5582,6418, 5471,6497, 5392,6537, 5314,6565, 5196,6623, 5156,6730, 5113,6812, 5099,6973, 5063,7074, 5074,7210, 5117,7321, 5196,7360, 5264,7385, 5371,7446, 5475,7500, 5536,7521, 5579,7596, 5622,7704, 5686,7829, 5629,7958, 5496,8023, 5364,8080, 5260,8126, 5188,8169, 5077,8245, 5017,8323, 5020,8406
DHARAPURAM:8511,3575, 8479,3676, 8486,3812, 8386,3959, 8300,4012, 8196,4077, 8121,4134, 8103,4245, 8028,4331, 8010,4438, 7996,4549, 7949,4625, 7845,4632, 7713,4639, 7591,4635, 7544,4582, 7512,4517, 7484,4399, 7476,4274, 7544,4213, 7602,4070, 7684,4009, 7770,3905, 7928,3876, 8042,3862, 8121,3833, 8168,3772, 8103,3697, 8053,3600, 7985,3522, 7885,3590, 7788,3647, 7702,3665, 7587,3622, 7494,3572, 7383,3604, 7262,3668, 7136,3643, 7215,3586, 7308,3536, 7412,3489, 7473,3393, 7559,3325, 7670,3382, 7799,3357, 7877,3289, 7956,3285, 8060,3192, 8182,3303, 8243,3368, 8329,3414, 8407,3482, 8511,3575
KOLINJIVADI:8207,4983, 8099,5058, 8067,5162, 7999,5308, 7910,5194, 7935,5076, 8178,4879, 8207,4983
KOLINJIVADI 2:8629,3937, 8576,4023, 8515,4112, 8436,4188, 8343,4184, 8207,4220, 8103,4245, 8121,4134, 8196,4077, 8300,4012, 8386,3959, 8486,3812, 8479,3676, 8511,3575, 8590,3658, 8626,3729, 8633,3855, 8629,3937
KOLINJIVADI 2:8207,4488, 8164,4589, 8085,4574, 7996,4549, 8010,4438, 8028,4331, 8103,4245, 8125,4381, 8207,4488
KONGUR:7999,5308, 7999,5409, 7935,5523, 7978,5631, 7899,5706, 7806,5667, 7727,5674, 7673,5799, 7670,5928, 7655,6042, 7613,6164, 7498,6336, 7408,6465, 7355,6572, 7305,6644, 7237,6705, 7161,6762, 7072,6855, 7007,6945, 6943,7020, 6861,7074, 6767,7178, 6667,7213, 6574,7246, 6463,7299, 6363,7339, 6266,7339, 6341,7249, 6413,7199, 6524,7178, 6624,7120, 6685,7034, 6753,6963, 6793,6873, 6825,6787, 6871,6698, 6932,6623, 7007,6547, 7108,6465, 7197,6379, 7247,6282, 7301,6182, 7330,6071, 7283,5967, 7365,5867, 7408,5774, 7426,5674, 7351,5581, 7405,5466, 7466,5330, 7602,5283, 7731,5223, 7910,5194, 7999,5308
KONGUR:9109,7776, 9063,7833, 9013,7919, 9002,7983, 8887,8051, 8751,8148, 8683,8194, 8626,8259, 8526,8327, 8429,8434, 8382,8567, 8375,8696, 8343,8771, 8228,8735, 8042,8732, 7946,8721, 7867,8721, 7756,8681, 7502,8706, 7369,8742, 7208,8778, 7122,8796, 7015,8792, 6907,8792, 6853,8689, 6789,8560, 6771,8438, 6807,8341, 6864,8255, 6968,8198, 6957,8087, 6957,7998, 6943,7887, 6929,7754, 6882,7639, 6853,7514, 6857,7421, 6889,7339, 6896,7224, 6929,7131, 6943,7020, 7007,6945, 7140,6952, 7251,6963, 7387,7009, 7544,7081, 7688,7149, 7781,7203, 7892,7271, 8010,7314, 8074,7360, 8193,7414, 8321,7457, 8411,7471, 8493,7475, 8622,7478, 8755,7478, 8848,7507, 8919,7586, 9052,7636, 9109,7700, 9109,7776
KONGUR:5794,7736, 5751,7582, 5836,7428, 6012,7410, 5944,7482, 5851,7543, 5833,7618, 5794,7736
THOPPAMPATTI:7473,3393, 7412,3489, 7308,3536, 7215,3586, 7136,3643, 7058,3676, 6947,3694, 6843,3729, 6839,3826, 6861,3916, 6868,4009, 6868,4152, 6760,4195, 6656,4245, 6624,4334, 6571,4392, 6413,4478, 6341,4546, 6331,4642, 6191,4707, 6191,4589, 6109,4524, 6019,4514, 5854,4449, 5690,4370, 5554,4334, 5435,4317, 5321,4302, 5217,4270, 5138,4263, 5063,4223, 5070,4112, 5088,4030, 5088,3898, 5110,3794, 5113,3704, 5131,3611, 5135,3497, 5131,3396, 5131,3275, 5110,3146, 5128,3002, 5156,2870, 5120,2755, 5156,2623, 5285,2601, 5414,2637, 5575,2644, 5725,2508, 5865,2469, 5922,2512, 6005,2587, 6109,2591, 6187,2544, 6263,2512, 6391,2490, 6535,2465, 6671,2433, 6782,2383, 6893,2498, 6911,2573, 6947,2648, 7054,2784, 7104,2884, 7151,2977, 7197,3071, 7240,3146, 7283,3235, 7376,3325, 7473,3393
VERACHINAMANGALAM:9603,3217, 9596,3353, 9600,3475, 9603,3583, 9478,3633, 9385,3593, 9295,3586, 9213,3608, 9156,3654, 9088,3686, 8955,3715, 8826,3783, 8737,3862, 8629,3937, 8633,3855, 8626,3729, 8590,3658, 8511,3575, 8407,3482, 8329,3414, 8243,3368, 8182,3303, 8060,3192, 8107,3056, 8099,2927, 8196,2795, 8343,2695, 8425,2738, 8554,2791, 8665,2849, 8723,2899, 8773,2992, 8816,3099, 8830,3189, 8869,3289, 8973,3353, 9070,3371, 9206,3325, 9356,3285, 9503,3257, 9603,3217
KOLATHUPALAYAM:10957,2942, 10978,3078, 11057,3178, 11157,3267, 11261,3307, 11369,3318, 11483,3339, 11591,3400, 11662,3432, 11737,3446, 11838,3418, 11959,3432, 11952,3568, 11927,3694, 11942,3833, 11970,3980, 11999,4084, 11995,4220, 11970,4342, 11902,4420, 11877,4539, 11845,4632, 11780,4753, 11641,4761, 11515,4764, 11426,4761, 11329,4764, 11218,4757, 11139,4750, 11057,4728, 10982,4707, 10907,4718, 10792,4732, 10678,4746, 10556,4732, 10445,4725, 10359,4718, 10262,4693, 10173,4685, 10051,4667, 9915,4685, 9772,4736, 9679,4757, 9564,4768, 9478,4771, 9385,4775, 9292,4800, 9252,4950, 9227,5090, 9177,5219, 9292,5301, 9403,5344, 9471,5398, 9417,5487, 9378,5577, 9331,5641, 9245,5752, 9163,5874, 9098,6021, 9063,6168, 8977,6107, 8884,5996, 8801,5874, 8712,5824, 8590,5820, 8508,5849, 8372,5856, 8264,5874, 8171,5896, 8057,5881, 7949,5867, 7863,5820, 7899,5706, 7978,5631, 7935,5523, 7999,5409, 7999,5308, 8067,5162, 8099,5058, 8207,4983, 8296,4929, 8339,4793, 8336,4621, 8325,4510, 8207,4488, 8125,4381, 8103,4245, 8207,4220, 8343,4184, 8436,4188, 8515,4112, 8576,4023, 8629,3937, 8737,3862, 8826,3783, 8955,3715, 9088,3686, 9156,3654, 9213,3608, 9295,3586, 9385,3593, 9478,3633, 9603,3583, 9600,3475, 9596,3353, 9603,3217, 9757,3142, 9897,3214, 9997,3325, 10097,3389, 10191,3368, 10266,3325, 10309,3217, 10413,3017, 10481,2888, 10559,2845, 10660,2849, 10756,2881, 10878,2902, 10957,2942
NANJIYAMPALAYAM:7476,4274, 7344,4277, 7226,4324, 7083,4299, 6950,4245, 6868,4152, 6868,4009, 6861,3916, 6839,3826, 6843,3729, 6947,3694, 7058,3676, 7136,3643, 7262,3668, 7383,3604, 7494,3572, 7587,3622, 7702,3665, 7788,3647, 7885,3590, 7985,3522, 8053,3600, 8103,3697, 8168,3772, 8121,3833, 8042,3862, 7928,3876, 7770,3905, 7684,4009, 7602,4070, 7544,4213, 7476,4274
CHITRAVATHANPALAYAM:7226,4324, 7315,4453, 7340,4585, 7326,4732, 7459,4782, 7480,4879, 7348,4968, 7133,5008, 6972,5176, 6918,5334, 6918,5452, 7090,5484, 7237,5430, 7405,5466, 7351,5581, 7426,5674, 7408,5774, 7365,5867, 7283,5967, 7330,6071, 7301,6182, 7247,6282, 7197,6379, 7108,6465, 7007,6547, 6889,6508, 6828,6408, 6785,6290, 6753,6171, 6642,6093, 6524,6039, 6409,5949, 6306,5878, 6245,5799, 6173,5684, 6130,5548, 6026,5502, 5890,5455, 5754,5445, 5668,5437, 5765,5294, 5836,5151, 5908,5008, 6033,4907, 6152,4821, 6191,4707, 6331,4642, 6341,4546, 6413,4478, 6571,4392, 6624,4334, 6656,4245, 6760,4195, 6868,4152, 6950,4245, 7083,4299, 7226,4324
MUDUVELAMPATTI:1346,4403, 1472,4499, 1583,4567, 1547,4682, 1558,4811, 1576,4950, 1593,5051, 1604,5147, 1586,5215, 1565,5294, 1586,5384, 1618,5513, 1644,5595, 1665,5677, 1690,5795, 1669,5931, 1661,6025, 1687,6089, 1690,6168, 1697,6379, 1583,6465, 1472,6515, 1393,6580, 1307,6572, 1207,6594, 1103,6612, 992,6637, 877,6658, 770,6676, 673,6694, 519,6726, 383,6755, 286,6773, 215,6748, 204,6619, 179,6519, 175,6411, 172,6264, 154,6146, 115,6039, 104,5946, 90,5856, 82,5763, 86,5649, 100,5516, 100,5348, 75,5255, 57,5162, 50,5018, 32,4922, 18,4839, 0,4714, 7,4574, 111,4510, 222,4467, 294,4385, 372,4320, 469,4234, 619,4155, 723,4227, 824,4245, 956,4259, 1106,4302, 1178,4345, 1264,4388, 1346,4403
PUTHUR:6191,4707, 6152,4821, 6033,4907, 5908,5008, 5836,5151, 5765,5294, 5668,5437, 5593,5498, 5543,5584, 5400,5613, 5299,5638, 5231,5709, 5149,5735, 5056,5828, 4952,5914, 4880,5982, 4809,6010, 4737,6071, 4666,6143, 4590,6214, 4512,6300, 4501,6418, 4451,6562, 4390,6701, 4322,6809, 4279,6873, 4207,6913, 4118,6834, 4032,6805, 3871,6784, 3778,6766, 3638,6723, 3531,6676, 3430,6626, 3294,6565, 3122,6479, 3054,6372, 3051,6290, 2976,6182, 2918,6028, 2886,5910, 2872,5820, 2886,5760, 2904,5670, 2836,5584, 2761,5455, 2764,5362, 2768,5280, 2764,5212, 2757,5133, 2782,5040, 2854,4968, 2908,4825, 2947,4707, 2976,4603, 3087,4610, 3162,4585, 3255,4607, 3359,4571, 3477,4549, 3613,4521, 3778,4524, 3921,4496, 4032,4496, 4132,4488, 4247,4503, 4393,4506, 4558,4485, 4709,4460, 4823,4445, 4916,4403, 5013,4309, 5063,4223, 5138,4263, 5217,4270, 5321,4302, 5435,4317, 5554,4334, 5690,4370, 5854,4449, 6019,4514, 6109,4524, 6191,4589, 6191,4707
DHARAPURAM. M:7996,4549, 8085,4574, 8164,4589, 8207,4488, 8325,4510, 8336,4621, 8339,4793, 8296,4929, 8207,4983, 8178,4879, 7935,5076, 7910,5194, 7731,5223, 7602,5283, 7466,5330, 7405,5466, 7237,5430, 7090,5484, 6918,5452, 6918,5334, 6972,5176, 7133,5008, 7348,4968, 7480,4879, 7459,4782, 7326,4732, 7340,4585, 7315,4453, 7226,4324, 7344,4277, 7476,4274, 7484,4399, 7512,4517, 7544,4582, 7591,4635, 7713,4639, 7845,4632, 7949,4625, 7996,4549
PONNAPURAM:2528,4542, 2675,4589, 2793,4599, 2868,4596, 2976,4603, 2947,4707, 2908,4825, 2854,4968, 2782,5040, 2757,5133, 2764,5212, 2768,5280, 2764,5362, 2761,5455, 2836,5584, 2904,5670, 2886,5760, 2872,5820, 2886,5910, 2918,6028, 2976,6182, 3051,6290, 3054,6372, 3122,6479, 3294,6565, 3248,6655, 3226,6737, 3208,6827, 3201,6905, 3158,7002, 3097,7102, 3058,7246, 3015,7342, 2983,7428, 2976,7493, 2968,7604, 2972,7736, 2990,7847, 3008,7944, 2933,7955, 2850,7955, 2703,7965, 2575,7969, 2435,7980, 2306,8001, 2170,8005, 2052,8005, 1944,8008, 1830,7976, 1787,7847, 1755,7754, 1722,7632, 1726,7511, 1758,7417, 1744,7314, 1697,7178, 1654,7067, 1554,6930, 1497,6805, 1439,6698, 1393,6580, 1472,6515, 1583,6465, 1697,6379, 1690,6168, 1687,6089, 1661,6025, 1669,5931, 1690,5795, 1665,5677, 1644,5595, 1618,5513, 1586,5384, 1565,5294, 1586,5215, 1604,5147, 1593,5051, 1576,4950, 1558,4811, 1547,4682, 1583,4567, 1704,4553, 1790,4556, 1887,4521, 2005,4496, 2116,4492, 2220,4503, 2302,4524, 2410,4542, 2528,4542
NALLAMPALAYAM:11780,4753, 11784,4847, 11791,4979, 11813,5108, 11841,5248, 11720,5308, 11583,5334, 11476,5359, 11376,5351, 11254,5337, 11136,5308, 11007,5351, 10917,5373, 10814,5380, 10703,5387, 10592,5373, 10466,5362, 10302,5384, 10076,5419, 9944,5445, 9822,5441, 9682,5459, 9568,5427, 9471,5398, 9403,5344, 9292,5301, 9177,5219, 9227,5090, 9252,4950, 9292,4800, 9385,4775, 9478,4771, 9564,4768, 9679,4757, 9772,4736, 9915,4685, 10051,4667, 10173,4685, 10262,4693, 10359,4718, 10445,4725, 10556,4732, 10678,4746, 10792,4732, 10907,4718, 10982,4707, 11057,4728, 11139,4750, 11218,4757, 11329,4764, 11426,4761, 11515,4764, 11641,4761, 11780,4753
DALAVAIPATTINAM:7007,6547, 6932,6623, 6871,6698, 6825,6787, 6793,6873, 6753,6963, 6685,7034, 6624,7120, 6524,7178, 6413,7199, 6341,7249, 6266,7339, 6152,7389, 6012,7410, 5836,7428, 5751,7582, 5794,7736, 5854,7883, 5815,8037, 5765,8094, 5704,8144, 5550,8184, 5425,8230, 5350,8262, 5249,8298, 5138,8356, 5020,8406, 5017,8323, 5077,8245, 5188,8169, 5260,8126, 5364,8080, 5496,8023, 5629,7958, 5686,7829, 5622,7704, 5579,7596, 5536,7521, 5475,7500, 5371,7446, 5264,7385, 5196,7360, 5117,7321, 5074,7210, 5063,7074, 5099,6973, 5113,6812, 5156,6730, 5196,6623, 5314,6565, 5392,6537, 5471,6497, 5582,6418, 5683,6336, 5704,6254, 5722,6150, 5729,6050, 5729,5957, 5740,5878, 5740,5792, 5715,5659, 5650,5624, 5543,5584, 5593,5498, 5668,5437, 5754,5445, 5890,5455, 6026,5502, 6130,5548, 6173,5684, 6245,5799, 6306,5878, 6409,5949, 6524,6039, 6642,6093, 6753,6171, 6785,6290, 6828,6408, 6889,6508, 7007,6547
MANKADAVU:7899,5706, 7863,5820, 7949,5867, 8057,5881, 8171,5896, 8264,5874, 8372,5856, 8508,5849, 8590,5820, 8712,5824, 8801,5874, 8884,5996, 8977,6107, 9063,6168, 9134,6268, 9195,6354, 9252,6451, 9306,6565, 9353,6658, 9385,6744, 9424,6834, 9478,6909, 9532,6999, 9532,7088, 9439,7231, 9378,7310, 9328,7392, 9285,7468, 9278,7611, 9177,7761, 9109,7776, 9109,7700, 9052,7636, 8919,7586, 8848,7507, 8755,7478, 8622,7478, 8493,7475, 8411,7471, 8321,7457, 8193,7414, 8074,7360, 8010,7314, 7892,7271, 7781,7203, 7688,7149, 7544,7081, 7387,7009, 7251,6963, 7140,6952, 7007,6945, 7072,6855, 7161,6762, 7237,6705, 7305,6644, 7355,6572, 7408,6465, 7498,6336, 7613,6164, 7655,6042, 7670,5928, 7673,5799, 7727,5674, 7806,5667, 7899,5706
ALANGIYAM:6807,8341, 6699,8320, 6635,8273, 6524,8248, 6417,8241, 6331,8184, 6202,8187, 6062,8094, 5958,8119, 5872,8162, 5768,8270, 5618,8277, 5496,8273, 5425,8230, 5550,8184, 5704,8144, 5765,8094, 5815,8037, 5854,7883, 5794,7736, 5833,7618, 5851,7543, 5944,7482, 6012,7410, 6152,7389, 6266,7339, 6363,7339, 6463,7299, 6574,7246, 6667,7213, 6767,7178, 6861,7074, 6943,7020, 6929,7131, 6896,7224, 6889,7339, 6857,7421, 6853,7514, 6882,7639, 6929,7754, 6943,7887, 6957,7998, 6957,8087, 6968,8198, 6864,8255, 6807,8341
BOMMANALLUR:8343,8771, 8275,8810, 8264,8918, 8264,9039, 8257,9133, 8246,9233, 8218,9347, 8160,9466, 8014,9526, 7806,9566, 7673,9516, 7584,9541, 7469,9587, 7333,9616, 7190,9616, 7036,9602, 6936,9559, 6918,9480, 6954,9365, 7097,9333, 7211,9372, 7161,9186, 7022,9054, 6993,8907, 6900,8860, 6907,8792, 7015,8792, 7122,8796, 7208,8778, 7369,8742, 7502,8706, 7756,8681, 7867,8721, 7946,8721, 8042,8732, 8228,8735, 8343,8771
