KANGEYAM TP:6783,4407, 6744,4513, 6740,4634, 6760,4790, 6830,4900, 6900,4982, 6998,5072, 7131,5204, 7189,5349, 7236,5501, 7131,5595, 6970,5708, 6853,5775, 6717,5865, 6599,5908, 6529,6021, 6463,6236, 6369,6318, 6255,6408, 6138,6498, 6068,6654, 5998,6791, 5931,6939, 5775,6881, 5701,6849, 5572,6857, 5412,6822, 5314,6740, 5283,6607, 5279,6486, 5236,6369, 5197,6212, 5158,6013, 5017,6033, 4986,5966, 4986,5748, 5009,5599, 5068,5451, 5056,5345, 5048,5271, 5115,5232, 5204,5134, 5251,4993, 5345,4911, 5435,4814, 5509,4677, 5658,4669, 5845,4657, 6009,4634, 6107,4630, 6166,4575, 6197,4443, 6306,4403, 6463,4415, 6588,4423, 6783,4407
MARUDURAI:9510,1633, 9455,1719, 9319,1797, 9209,1899, 9092,1969, 8944,1977, 8830,1977, 8713,2012, 8600,2012, 8514,1989, 8424,1973, 8330,1946, 8295,1852, 8205,1747, 8182,1594, 8162,1450, 8072,1305, 7939,1262, 7768,1211, 7787,1071, 7783,946, 7889,864, 7998,825, 8115,817, 8236,852, 8373,871, 8514,875, 8623,879, 8744,918, 8854,989, 8897,1059, 9014,1200, 9158,1258, 9303,1258, 9393,1278, 9455,1407, 9471,1532, 9510,1633
PERANJERVALI:8330,1946, 8318,2090, 8326,2219, 8354,2340, 8381,2493, 8369,2622, 8346,2778, 8318,2930, 8279,3052, 8248,3177, 8272,3282, 8244,3407, 8221,3524, 8166,3595, 8076,3649, 7982,3728, 7881,3767, 7799,3755, 7752,3841, 7689,3966, 7557,4060, 7389,4114, 7228,4134, 7135,4099, 7056,4067, 6947,3981, 6849,3899, 6865,3763, 6892,3649, 6896,3544, 6888,3434, 6865,3341, 6783,3290, 6662,3278, 6552,3224, 6447,3204, 6365,3126, 6345,3059, 6377,2954, 6377,2845, 6365,2700, 6384,2544, 6423,2395, 6459,2227, 6443,2083, 6486,2001, 6533,1895, 6611,1797, 6724,1758, 6853,1700, 6994,1625, 7029,1528, 7045,1446, 7092,1360, 7260,1360, 7365,1309, 7486,1223, 7600,1133, 7685,1000, 7783,946, 7787,1071, 7768,1211, 7939,1262, 8072,1305, 8162,1450, 8182,1594, 8205,1747, 8295,1852, 8330,1946
MARAVAPALAYAM:7092,1360, 7045,1446, 7029,1528, 6994,1625, 6853,1700, 6724,1758, 6611,1797, 6533,1895, 6486,2001, 6443,2083, 6295,2075, 6166,2087, 6009,2094, 5888,2106, 5810,2122, 4751,2172, 4790,2063, 4810,1942, 4884,1864, 5005,1840, 5119,1844, 5228,1801, 5275,1704, 5294,1594, 5326,1477, 5478,1485, 5619,1489, 5771,1422, 5896,1352, 6025,1309, 6115,1243, 6170,1180, 6244,1145, 6334,1090, 6482,1075, 6599,1036, 6674,985, 6799,1004, 6873,1039, 6967,1086, 7021,1184, 7072,1293, 7092,1360
MARAVAPALAYAM:4751,2172, 4443,2200, 4583,2106, 4751,2172
KATHAGANI:2153,1188, 2266,1106, 2380,1118, 2501,1141, 2712,1125, 2884,1196, 3020,1215, 3184,1270, 3286,1387, 3395,1500, 3571,1598, 3567,1723, 3536,1883, 3431,1969, 3337,1985, 3231,1977, 3114,2001, 2974,1981, 2852,2016, 2731,2079, 2598,2153, 2501,2196, 2368,2212, 2204,2215, 2044,2157, 1969,2133, 1880,2110, 1762,2079, 1610,2106, 1551,2016, 1547,1895, 1579,1774, 1622,1672, 1590,1528, 1551,1391, 1532,1243, 1544,1082, 1641,1094, 1735,1172, 1856,1266, 1977,1266, 2079,1239, 2153,1188
THAMMAREDDIPALAYAM:4751,2172, 4583,2106, 4443,2200, 4337,2266, 4251,2282, 4134,2266, 4009,2243, 3860,2196, 3782,2126, 3790,2028, 3798,1895, 3794,1766, 3774,1625, 3677,1618, 3571,1598, 3646,1524, 3821,1567, 3978,1571, 4087,1563, 4224,1579, 4489,1618, 4626,1657, 4736,1641, 4822,1575, 4943,1520, 5122,1512, 5212,1485, 5326,1477, 5294,1594, 5275,1704, 5228,1801, 5119,1844, 5005,1840, 4884,1864, 4810,1942, 4790,2063, 4751,2172
GANAPATHIPALAYAM:3860,2196, 3771,2258, 3622,2223, 3446,2258, 3317,2309, 3317,2438, 3329,2544, 3306,2653, 3220,2708, 3095,2759, 2997,2778, 2841,2845, 2684,2852, 2583,2845, 2462,2848, 2341,2837, 2208,2829, 2153,2727, 2184,2594, 2200,2466, 2106,2419, 2126,2309, 2204,2215, 2368,2212, 2501,2196, 2598,2153, 2731,2079, 2852,2016, 2974,1981, 3114,2001, 3231,1977, 3337,1985, 3431,1969, 3536,1883, 3567,1723, 3571,1598, 3677,1618, 3774,1625, 3794,1766, 3798,1895, 3790,2028, 3782,2126, 3860,2196
NATHAKADAIYUR:10018,1864, 9928,2001, 9885,2141, 9881,2227, 9889,2348, 9881,2493, 10026,2551, 10167,2544, 10245,2567, 10331,2626, 10292,2825, 10252,2942, 10139,2930, 10010,2946, 9870,2958, 9756,2970, 9608,2946, 9502,2887, 9385,2891, 9284,2848, 9252,2927, 9209,3032, 9213,3200, 9213,3360, 9268,3489, 9295,3645, 9174,3688, 9049,3743, 8990,3802, 8967,3923, 8858,3810, 8756,3782, 8658,3778, 8522,3743, 8361,3712, 8338,3610, 8221,3524, 8244,3407, 8272,3282, 8248,3177, 8279,3052, 8318,2930, 8346,2778, 8369,2622, 8381,2493, 8354,2340, 8326,2219, 8318,2090, 8330,1946, 8424,1973, 8514,1989, 8600,2012, 8713,2012, 8830,1977, 8944,1977, 9092,1969, 9209,1899, 9319,1797, 9455,1719, 9510,1633, 9647,1704, 9772,1766, 9854,1786, 9959,1809, 10018,1864
PALAYAKOTTAI:11999,2766, 11936,2903, 11835,3016, 11749,3067, 11647,3208, 11593,3337, 11479,3442, 11464,3563, 11378,3716, 11241,3716, 11182,3802, 10991,3880, 10897,3915, 10807,3970, 10796,4149, 10647,4142, 10440,4138, 10292,4181, 10194,4204, 10081,4216, 9956,4196, 9834,4255, 9764,4278, 9612,4321, 9471,4349, 9330,4294, 9237,4208, 9217,4110, 9151,4024, 9045,3978, 8967,3923, 8990,3802, 9049,3743, 9174,3688, 9295,3645, 9268,3489, 9213,3360, 9213,3200, 9209,3032, 9252,2927, 9284,2848, 9385,2891, 9502,2887, 9608,2946, 9756,2970, 9870,2958, 10010,2946, 10139,2930, 10252,2942, 10292,2825, 10331,2626, 10245,2567, 10167,2544, 10026,2551, 9881,2493, 9889,2348, 9881,2227, 9885,2141, 9928,2001, 10018,1864, 10124,1879, 10319,1903, 10463,1919, 10588,1938, 10686,1958, 10792,2004, 10889,2051, 10971,2047, 11093,2036, 11218,2079, 11288,2137, 11362,2188, 11444,2231, 11518,2333, 11608,2473, 11636,2634, 11725,2731, 11874,2762, 11999,2766
KEERANUR:6443,2083, 6459,2227, 6423,2395, 6384,2544, 6365,2700, 6377,2845, 6377,2954, 6345,3059, 6216,3141, 6154,3220, 6013,3313, 5943,3427, 5900,3524, 5787,3552, 5646,3544, 5548,3509, 5400,3532, 5310,3442, 5193,3399, 5126,3325, 5009,3325, 4857,3333, 4720,3220, 4677,3067, 4618,2930, 4568,2841, 4536,2696, 4439,2579, 4427,2446, 4423,2333, 4443,2200, 4751,2172, 5810,2122, 5888,2106, 6009,2094, 6166,2087, 6295,2075, 6443,2083
SIVANMALAI:4443,2200, 4423,2333, 4427,2446, 4439,2579, 4536,2696, 4568,2841, 4618,2930, 4677,3067, 4720,3220, 4857,3333, 5009,3325, 5126,3325, 5193,3399, 5310,3442, 5400,3532, 5548,3509, 5646,3544, 5654,3638, 5666,3728, 5669,3817, 5658,3935, 5623,4071, 5583,4185, 5556,4317, 5540,4446, 5505,4591, 5509,4677, 5435,4814, 5345,4911, 5251,4993, 5204,5134, 5115,5232, 5048,5271, 4927,5212, 4771,5165, 4650,5154, 4529,5165, 4388,5220, 4267,5173, 4130,5173, 4021,5201, 3954,5146, 3833,5122, 3712,5118, 3599,5130, 3435,5165, 3450,5033, 3427,4915, 3407,4810, 3380,4696, 3372,4540, 3352,4419, 3364,4310, 3380,4204, 3356,4095, 3462,4091, 3521,4044, 3478,3923, 3478,3778, 3493,3657, 3485,3540, 3501,3345, 3505,3184, 3540,3083, 3536,2954, 3485,2845, 3376,2798, 3270,2751, 3220,2708, 3306,2653, 3329,2544, 3317,2438, 3317,2309, 3446,2258, 3622,2223, 3771,2258, 3860,2196, 4009,2243, 4134,2266, 4251,2282, 4337,2266, 4443,2200
PADIYUR:3356,4095, 3243,4083, 3114,4028, 3044,4001, 2962,3985, 2833,4013, 2634,4052, 2528,3997, 2446,3966, 2434,3763, 2469,3630, 2481,3524, 2384,3501, 2270,3493, 2169,3454, 2141,3341, 2137,3192, 2145,2938, 2208,2829, 2341,2837, 2462,2848, 2583,2845, 2684,2852, 2841,2845, 2997,2778, 3095,2759, 3220,2708, 3270,2751, 3376,2798, 3485,2845, 3536,2954, 3540,3083, 3505,3184, 3501,3345, 3485,3540, 3493,3657, 3478,3778, 3478,3923, 3521,4044, 3462,4091, 3356,4095
ALAMBADI:7056,4067, 6963,4192, 6900,4306, 6783,4407, 6588,4423, 6463,4415, 6306,4403, 6197,4443, 6166,4575, 6107,4630, 6009,4634, 5845,4657, 5658,4669, 5509,4677, 5505,4591, 5540,4446, 5556,4317, 5583,4185, 5623,4071, 5658,3935, 5669,3817, 5666,3728, 5654,3638, 5646,3544, 5787,3552, 5900,3524, 5943,3427, 6013,3313, 6154,3220, 6216,3141, 6345,3059, 6365,3126, 6447,3204, 6552,3224, 6662,3278, 6783,3290, 6865,3341, 6888,3434, 6896,3544, 6892,3649, 6865,3763, 6849,3899, 6947,3981, 7056,4067
PAPPINI:8967,3923, 9045,3978, 9151,4024, 9217,4110, 9237,4208, 9330,4294, 9471,4349, 9612,4321, 9612,4419, 9631,4501, 9569,4618, 9483,4712, 9362,4685, 9358,4829, 9432,4825, 9420,4919, 9338,4911, 9241,4904, 9131,4954, 8990,4943, 8932,5040, 8811,5064, 8686,5115, 8592,5201, 8479,5318, 8611,5380, 8639,5501, 8565,5607, 8545,5720, 8533,5833, 8440,5833, 8287,5806, 8150,5849, 8111,5970, 8006,5939, 7932,5998, 7865,5958, 7818,6037, 7818,6138, 7709,6134, 7639,6029, 7584,5908, 7510,5822, 7490,5701, 7416,5576, 7236,5501, 7189,5349, 7131,5204, 6998,5072, 6900,4982, 6830,4900, 6760,4790, 6740,4634, 6744,4513, 6783,4407, 6900,4306, 6963,4192, 7056,4067, 7135,4099, 7228,4134, 7389,4114, 7557,4060, 7689,3966, 7752,3841, 7799,3755, 7881,3767, 7982,3728, 8076,3649, 8166,3595, 8221,3524, 8338,3610, 8361,3712, 8522,3743, 8658,3778, 8756,3782, 8858,3810, 8967,3923
VADASINNARIPALAYAM:4267,5173, 4236,5283, 4208,5372, 4189,5513, 4165,5669, 4142,5790, 4114,5916, 4009,5923, 3899,5888, 3814,5865, 3743,5880, 3696,5962, 3563,5982, 3528,6169, 3563,6353, 3548,6529, 3583,6619, 3700,6572, 3771,6627, 3814,6740, 3942,6736, 4087,6799, 4224,6912, 4325,6834, 4443,6806, 4517,6869, 4548,6943, 4564,7049, 4603,7166, 4638,7306, 4708,7443, 4845,7545, 4868,7650, 4837,7764, 4720,7861, 4642,7963, 4560,7986, 4525,8057, 4450,8143, 4372,8244, 4275,8326, 4165,8408, 4013,8459, 3911,8486, 3798,8455, 3735,8400, 3665,8365, 3622,8268, 3548,8170, 3505,8076, 3501,7986, 3478,7912, 3384,7830, 3247,7701, 3161,7599, 3028,7572, 2915,7549, 2782,7564, 2595,7592, 2520,7498, 2395,7494, 2333,7353, 2278,7252, 2298,7154, 2352,7010, 2399,6865, 2469,6701, 2637,6529, 2700,6431, 2735,6314, 2794,6193, 2891,6115, 2923,5912, 2931,5728, 2919,5572, 2966,5458, 3063,5349, 3188,5283, 3282,5216, 3435,5165, 3599,5130, 3712,5118, 3833,5122, 3954,5146, 4021,5201, 4130,5173, 4267,5173
KADAIYUR:5048,5271, 5056,5345, 5068,5451, 5009,5599, 4986,5748, 4986,5966, 5017,6033, 5158,6013, 5197,6212, 5236,6369, 5279,6486, 5283,6607, 5314,6740, 5412,6822, 5572,6857, 5701,6849, 5775,6881, 5931,6939, 6099,6986, 6216,7052, 6318,7056, 6435,7072, 6486,7162, 6556,7299, 6611,7431, 6521,7459, 6373,7506, 6216,7541, 6045,7607, 5880,7670, 5865,7826, 5779,7904, 5650,7920, 5509,7963, 5494,8080, 5474,8225, 5478,8322, 5494,8420, 5521,8529, 5470,8615, 5353,8615, 5263,8631, 5232,8561, 5212,8471, 5212,8373, 5204,8275, 5130,8213, 5029,8209, 4927,8201, 4810,8182, 4736,8076, 4634,8064, 4525,8057, 4560,7986, 4642,7963, 4720,7861, 4837,7764, 4868,7650, 4845,7545, 4708,7443, 4638,7306, 4603,7166, 4564,7049, 4548,6943, 4517,6869, 4443,6806, 4325,6834, 4224,6912, 4087,6799, 3942,6736, 3814,6740, 3771,6627, 3700,6572, 3583,6619, 3548,6529, 3563,6353, 3528,6169, 3563,5982, 3696,5962, 3743,5880, 3814,5865, 3899,5888, 4009,5923, 4114,5916, 4142,5790, 4165,5669, 4189,5513, 4208,5372, 4236,5283, 4267,5173, 4388,5220, 4529,5165, 4650,5154, 4771,5165, 4927,5212, 5048,5271
KANGAYAM:7709,6134, 7748,6205, 7807,6252, 7846,6337, 7908,6478, 7791,6576, 7760,6689, 7701,6806, 7631,7006, 7611,7166, 7580,7287, 7596,7404, 7572,7533, 7471,7615, 7385,7623, 7303,7658, 7267,7783, 7287,7900, 7240,8002, 7248,8154, 7217,8256, 7228,8357, 7275,8502, 7342,8592, 7346,8705, 7459,8803, 7443,8951, 7326,8955, 7275,9127, 7178,9135, 7053,9139, 6928,9127, 6838,9131, 6744,9084, 6658,9080, 6681,8971, 6681,8838, 6670,8721, 6646,8596, 6670,8467, 6720,8346, 6701,8213, 6748,8057, 6806,7893, 6853,7740, 6830,7584, 6728,7584, 6646,7560, 6611,7431, 6556,7299, 6486,7162, 6435,7072, 6318,7056, 6216,7052, 6099,6986, 5931,6939, 5998,6791, 6068,6654, 6138,6498, 6255,6408, 6369,6318, 6463,6236, 6529,6021, 6599,5908, 6717,5865, 6853,5775, 6970,5708, 7131,5595, 7236,5501, 7416,5576, 7490,5701, 7510,5822, 7584,5908, 7639,6029, 7709,6134
ARATHOLUVU:6658,9080, 6576,9108, 6486,9096, 6384,9127, 6263,9139, 6123,9069, 6037,8967, 5978,8889, 5830,8834, 5736,8783, 5634,8791, 5517,8776, 5466,8697, 5470,8615, 5521,8529, 5494,8420, 5478,8322, 5474,8225, 5494,8080, 5509,7963, 5650,7920, 5779,7904, 5865,7826, 5880,7670, 6045,7607, 6216,7541, 6373,7506, 6521,7459, 6611,7431, 6646,7560, 6728,7584, 6830,7584, 6853,7740, 6806,7893, 6748,8057, 6701,8213, 6720,8346, 6670,8467, 6646,8596, 6670,8721, 6681,8838, 6681,8971, 6658,9080
KURUKKAPALAYAM:3161,7599, 3110,7693, 3075,7807, 3040,7978, 2942,8096, 2813,8127, 2692,8178, 2618,8166, 2567,8092, 2462,8080, 2337,8053, 2216,8029, 2110,8018, 2067,7896, 2051,7799, 2036,7693, 2110,7646, 2184,7619, 2286,7572, 2395,7494, 2520,7498, 2595,7592, 2782,7564, 2915,7549, 3028,7572, 3161,7599
NELALI:3665,8365, 3599,8455, 3513,8545, 3438,8674, 3388,8783, 3321,8889, 3235,8936, 3173,9033, 3102,9194, 3040,9354, 2985,9448, 2923,9369, 2786,9342, 2669,9373, 2501,9416, 2321,9487, 2216,9537, 2098,9506, 2055,9580, 1954,9580, 1856,9549, 1770,9592, 1676,9616, 1661,9721, 1645,9827, 1473,9858, 1313,9889, 1196,9866, 1059,9862, 1012,9741, 989,9612, 973,9440, 961,9307, 922,9217, 856,9115, 719,9100, 586,9104, 430,9065, 332,9065, 231,9143, 168,8987, 102,8850, 31,8760, 0,8670, 121,8600, 278,8506, 407,8424, 508,8357, 602,8303, 739,8193, 903,8088, 1032,8033, 1149,7975, 1243,7900, 1352,7877, 1516,7857, 1657,7850, 1754,7838, 1837,7744, 1942,7697, 2036,7693, 2051,7799, 2067,7896, 2110,8018, 2216,8029, 2337,8053, 2462,8080, 2567,8092, 2618,8166, 2692,8178, 2813,8127, 2942,8096, 3040,7978, 3075,7807, 3110,7693, 3161,7599, 3247,7701, 3384,7830, 3478,7912, 3501,7986, 3505,8076, 3548,8170, 3622,8268, 3665,8365
UTHIYUR:5263,8631, 5197,8697, 5197,8842, 5189,8979, 5208,9080, 5240,9178, 5290,9307, 5302,9459, 5345,9553, 5314,9651, 5247,9760, 5154,9819, 5013,9873, 4958,9971, 4966,10088, 4943,10202, 4814,10213, 4759,10295, 4669,10295, 4572,10288, 4435,10299, 4290,10311, 4110,10288, 3985,10241, 3892,10233, 3790,10225, 3614,10213, 3462,10229, 3333,10221, 3165,10186, 2989,10116, 2942,10030, 2923,9940, 2903,9827, 2903,9725, 2946,9619, 2974,9514, 2985,9448, 3040,9354, 3102,9194, 3173,9033, 3235,8936, 3321,8889, 3388,8783, 3438,8674, 3513,8545, 3599,8455, 3665,8365, 3735,8400, 3798,8455, 3911,8486, 4013,8459, 4165,8408, 4275,8326, 4372,8244, 4450,8143, 4525,8057, 4634,8064, 4736,8076, 4810,8182, 4927,8201, 5029,8209, 5130,8213, 5204,8275, 5212,8373, 5212,8471, 5232,8561, 5263,8631
MUDALIPALAYAM:6263,9139, 6252,9295, 6173,9358, 6127,9502, 6130,9655, 6213,9733, 6275,9815, 6271,9916, 6392,9979, 6420,10069, 6416,10182, 6396,10268, 6416,10366, 6400,10467, 6388,10561, 6408,10686, 6416,10780, 6318,10741, 6213,10772, 6111,10749, 6025,10784, 5896,10784, 5841,10862, 5798,10983, 5724,11065, 5712,11182, 5580,11167, 5560,11022, 5439,10975, 5412,10854, 5380,10741, 5314,10647, 5197,10608, 5115,10690, 5033,10745, 4954,10827, 4829,10753, 4751,10772, 4669,10819, 4556,10866, 4466,10874, 4407,10823, 4302,10889, 4193,10971, 4189,10870, 4099,10788, 4079,10600, 4068,10397, 4110,10288, 4290,10311, 4435,10299, 4572,10288, 4669,10295, 4759,10295, 4814,10213, 4943,10202, 4966,10088, 4958,9971, 5013,9873, 5154,9819, 5247,9760, 5314,9651, 5345,9553, 5302,9459, 5290,9307, 5240,9178, 5208,9080, 5189,8979, 5197,8842, 5197,8697, 5263,8631, 5353,8615, 5470,8615, 5466,8697, 5517,8776, 5634,8791, 5736,8783, 5830,8834, 5978,8889, 6037,8967, 6123,9069, 6263,9139
