PUDUPALAYAM:2932,583, 2916,774, 2800,832, 2646,928, 2423,976, 2232,954, 2190,774, 2153,541, 2063,302, 2004,85, 2126,0, 2259,16, 2444,85, 2646,154, 2800,143, 2847,361, 2932,583
KAVANDAMPALAYAM:6230,9894, 6161,10021, 6108,10143, 5960,10180, 5843,10180, 5642,10117, 5477,10048, 5307,10005, 5064,9974, 4878,10027, 4745,10064, 4708,9931, 4661,9814, 4687,9671, 4735,9549, 4761,9374, 4973,9433, 5133,9470, 5313,9422, 5488,9348, 5615,9502, 5668,9618, 5710,9740, 5779,9867, 6039,9878, 6230,9894
NALLIGOUNDAR PALAYAM:3770,1251, 3754,1485, 3568,1426, 3457,1379, 3271,1336, 3277,1506, 3372,1633, 3383,1877, 3335,2052, 3335,2195, 3287,2291, 3187,2264, 3081,2179, 2948,2068, 2853,1999, 2699,2041, 2556,2073, 2344,2020, 2386,1787, 2450,1543, 2556,1395, 2747,1368, 2826,1479, 2921,1554, 3012,1400, 3022,1177, 2980,1002, 2916,774, 2932,583, 3065,626, 3144,758, 3171,896, 3277,1034, 3441,1045, 3574,1066, 3717,1135, 3770,1251
METUPALAYAM:3012,1400, 2921,1554, 2826,1479, 2747,1368, 2556,1395, 2450,1543, 2386,1787, 2344,2020, 2227,2063, 2063,2116, 1983,1972, 1978,1813, 2036,1580, 2094,1352, 2131,1241, 2153,1108, 2232,954, 2423,976, 2646,928, 2800,832, 2916,774, 2980,1002, 3022,1177, 3012,1400
KURICHI:4443,1485, 4385,1612, 4369,1766, 4396,1994, 4449,2200, 4496,2344, 4555,2487, 4581,2635, 4427,2678, 4327,2699, 4300,2534, 4173,2381, 3966,2561, 3791,2545, 3574,2450, 3393,2375, 3287,2291, 3335,2195, 3335,2052, 3383,1877, 3372,1633, 3277,1506, 3271,1336, 3457,1379, 3568,1426, 3754,1485, 3770,1251, 3876,1283, 4046,1341, 4236,1416, 4358,1448, 4443,1485
SETTI KUTTAI:6177,1877, 6002,1999, 5864,1898, 5700,1946, 5520,1925, 5424,2057, 5355,2222, 5212,2280, 5058,2338, 4995,2492, 4873,2524, 4724,2460, 4581,2635, 4555,2487, 4496,2344, 4449,2200, 4396,1994, 4369,1766, 4385,1612, 4443,1485, 4608,1538, 4756,1596, 4878,1654, 5016,1644, 5101,1591, 5223,1479, 5313,1368, 5429,1368, 5567,1373, 5700,1453, 5870,1538, 6023,1718, 6177,1877
SINNIAMPALAYAM:7116,3537, 6935,3462, 6654,3462, 6490,3425, 6463,3203, 6474,3044, 6516,2890, 6538,2678, 6511,2460, 6336,2333, 6225,2227, 6161,2084, 6177,1877, 6304,1813, 6453,1697, 6585,1612, 6654,1808, 6824,1797, 6728,1665, 6681,1538, 6760,1463, 6845,1527, 6919,1633, 7025,1829, 7105,1994, 7078,2105, 7190,2275, 7020,2264, 6999,2455, 7052,2651, 7100,2890, 7195,3059, 7322,3065, 7291,3261, 7227,3399, 7116,3537
GANAPATHIPALAYAM:6463,3203, 6304,3081, 6119,3118, 5917,3086, 5716,3033, 5551,2959, 5604,2784, 5583,2630, 5567,2471, 5626,2285, 5753,2116, 5700,1946, 5864,1898, 6002,1999, 6177,1877, 6161,2084, 6225,2227, 6336,2333, 6511,2460, 6538,2678, 6516,2890, 6474,3044, 6463,3203
VALAYAMPALAYAM:5700,1946, 5753,2116, 5626,2285, 5567,2471, 5583,2630, 5604,2784, 5551,2959, 5477,3097, 5398,3218, 5233,3224, 5111,3282, 4968,3309, 4820,3218, 4809,3097, 4756,2985, 4788,2842, 4783,2704, 4581,2635, 4724,2460, 4873,2524, 4995,2492, 5058,2338, 5212,2280, 5355,2222, 5424,2057, 5520,1925, 5700,1946
KOMARAGOUNDAR PALAYAM:3287,2291, 3393,2375, 3574,2450, 3791,2545, 3966,2561, 3865,2694, 3712,2715, 3542,2869, 3404,2890, 3261,2794, 3081,2906, 2863,2784, 2731,2662, 2741,2476, 2609,2413, 2476,2344, 2328,2280, 2147,2253, 2063,2116, 2227,2063, 2344,2020, 2556,2073, 2699,2041, 2853,1999, 2948,2068, 3081,2179, 3187,2264, 3287,2291
NETTICHIPALAYAM:4581,2635, 4523,2762, 4486,2884, 4417,2996, 4236,3075, 4109,2937, 4030,2773, 3966,2561, 4173,2381, 4300,2534, 4327,2699, 4427,2678, 4581,2635
KAMALAKUTTAI:4236,3075, 4268,3218, 4226,3372, 4358,3478, 4374,3611, 4337,3765, 4258,3855, 4120,3860, 3977,3871, 3961,3685, 3955,3553, 3971,3452, 3913,3356, 3860,3240, 3770,3139, 3632,3022, 3542,2869, 3712,2715, 3865,2694, 3966,2561, 4030,2773, 4109,2937, 4236,3075
KUNNATHUR TP:5398,3218, 5504,3362, 5578,3510, 5371,3547, 5260,3674, 5106,3611, 4995,3791, 5111,3913, 5196,4067, 5244,4162, 5111,4125, 5042,4242, 4926,4242, 4804,4369, 4767,4480, 4655,4576, 4507,4693, 4390,4549, 4178,4475, 3977,4449, 3786,4443, 3871,4332, 3987,4199, 3993,4051, 3977,3871, 4120,3860, 4258,3855, 4337,3765, 4374,3611, 4358,3478, 4226,3372, 4268,3218, 4236,3075, 4417,2996, 4486,2884, 4523,2762, 4581,2635, 4783,2704, 4788,2842, 4756,2985, 4809,3097, 4820,3218, 4968,3309, 5111,3282, 5233,3224, 5398,3218
EDAYAPALAYAM:3542,2869, 3632,3022, 3770,3139, 3860,3240, 3913,3356, 3971,3452, 3955,3553, 3961,3685, 3977,3871, 3993,4051, 3987,4199, 3871,4332, 3786,4443, 3590,4480, 3393,4502, 3351,4348, 3319,4205, 3277,4072, 3213,3940, 3160,3738, 3091,3574, 3118,3372, 3059,3171, 2932,3054, 2874,2959, 2863,2784, 3081,2906, 3261,2794, 3404,2890, 3542,2869
VELAMPALAYAM:6463,3203, 6490,3425, 6437,3558, 6315,3621, 6235,3738, 6166,3887, 6135,4040, 6034,4178, 5896,4141, 5732,4077, 5732,3955, 5710,3796, 5642,3643, 5578,3510, 5504,3362, 5398,3218, 5477,3097, 5551,2959, 5716,3033, 5917,3086, 6119,3118, 6304,3081, 6463,3203
VELLARAVALLI:7116,3537, 7237,3553, 7317,3600, 7375,3680, 7407,3887, 7418,4077, 7344,4226, 7211,4380, 7206,4565, 7036,4565, 6866,4465, 6750,4507, 6596,4491, 6394,4459, 6066,4459, 5949,4385, 6034,4178, 6135,4040, 6166,3887, 6235,3738, 6315,3621, 6437,3558, 6490,3425, 6654,3462, 6935,3462, 7116,3537
NAVAKKADU:5732,4077, 5583,4168, 5408,4247, 5244,4162, 5196,4067, 5111,3913, 4995,3791, 5106,3611, 5260,3674, 5371,3547, 5578,3510, 5642,3643, 5710,3796, 5732,3955, 5732,4077
KARUMANJARI:6034,4178, 5949,4385, 5811,4496, 5748,4624, 5679,4751, 5620,4894, 5488,5016, 5339,5111, 5233,5148, 5069,5058, 4963,4974, 4836,4936, 4698,4772, 4507,4693, 4655,4576, 4767,4480, 4804,4369, 4926,4242, 5042,4242, 5111,4125, 5244,4162, 5408,4247, 5583,4168, 5732,4077, 5896,4141, 6034,4178
KAVUTHAMPALAYAM:7206,4565, 7275,4735, 7291,4878, 7227,4952, 7169,5032, 7073,5085, 6935,5106, 6845,5276, 6734,5451, 6580,5610, 6447,5774, 6262,5795, 6076,5806, 5907,5774, 5689,5769, 5482,5779, 5382,5589, 5350,5398, 5297,5249, 5233,5148, 5339,5111, 5488,5016, 5620,4894, 5679,4751, 5748,4624, 5811,4496, 5949,4385, 6066,4459, 6394,4459, 6596,4491, 6750,4507, 6866,4465, 7036,4565, 7206,4565
SINNAGOUNDANVALASU:4507,4693, 4698,4772, 4597,4968, 4433,5154, 4247,5276, 4040,5297, 3881,5334, 3775,5371, 3712,5281, 3542,5281, 3372,5111, 3218,5000, 3028,5027, 3038,4926, 3086,4809, 3134,4666, 3245,4507, 3393,4502, 3590,4480, 3786,4443, 3977,4449, 4178,4475, 4390,4549, 4507,4693
SUNDAKKAMPALAYAM:5233,5148, 5297,5249, 5350,5398, 5382,5589, 5482,5779, 5567,5954, 5631,6151, 5541,6326, 5382,6241, 5233,6177, 5074,6167, 4936,6140, 4793,6135, 4613,6151, 4396,6092, 4252,6039, 4061,6018, 3918,5870, 3886,5689, 3765,5525, 3775,5371, 3881,5334, 4040,5297, 4247,5276, 4433,5154, 4597,4968, 4698,4772, 4836,4936, 4963,4974, 5069,5058, 5233,5148
ERUUMAKKARAMPALAYAM:7465,5138, 7344,5217, 7264,5345, 7131,5514, 6962,5636, 6845,5774, 6744,5886, 6622,5928, 6447,5774, 6580,5610, 6734,5451, 6845,5276, 6935,5106, 7073,5085, 7169,5032, 7227,4952, 7291,4878, 7434,4958, 7465,5138
VATTALAPATHY:3775,5371, 3765,5525, 3658,5647, 3568,5764, 3542,5886, 3446,5801, 3277,5864, 3149,5965, 3017,6082, 2879,6188, 2948,6320, 3049,6400, 3065,6506, 3096,6638, 3176,6787, 3362,6851, 3409,6988, 3309,7132, 3107,7079, 2953,6972, 2927,6861, 2916,6691, 2874,6490, 2837,6357, 2683,6288, 2534,6204, 2577,6066, 2508,5939, 2503,5811, 2513,5705, 2529,5520, 2757,5445, 2953,5398, 2985,5217, 3028,5027, 3218,5000, 3372,5111, 3542,5281, 3712,5281, 3775,5371
KOONAMPATTI:8038,5504, 7916,5631, 7768,5769, 7693,5939, 7561,5986, 7444,5923, 7418,5732, 7312,5700, 7248,5859, 7269,6050, 7073,6023, 6978,6140, 6872,6241, 6792,6129, 6707,6023, 6622,5928, 6744,5886, 6845,5774, 6962,5636, 7131,5514, 7264,5345, 7344,5217, 7465,5138, 7662,5164, 7784,5276, 7937,5350, 8038,5504
AGRAHARA VIJAYAMANGALAM:8415,5901, 8388,5695, 8319,5504, 8441,5403, 8600,5472, 8849,5530, 8812,5790, 8595,5875, 8415,5901
MUKARIPALLAGOUNDAN PALAYAM:8319,5504, 8388,5695, 8415,5901, 8404,6071, 8415,6182, 8303,6225, 8171,6294, 7948,6299, 7831,6453, 7683,6495, 7619,6267, 7487,6479, 7306,6516, 7328,6384, 7195,6421, 7227,6267, 7269,6050, 7444,5923, 7561,5986, 7693,5939, 7768,5769, 7916,5631, 8038,5504, 8149,5456, 8319,5504
VELIAMPATHY:4061,6018, 3982,6098, 3865,6172, 3690,6267, 3542,6363, 3287,6379, 3049,6400, 2948,6320, 2879,6188, 3017,6082, 3149,5965, 3277,5864, 3446,5801, 3542,5886, 3568,5764, 3658,5647, 3765,5525, 3886,5689, 3918,5870, 4061,6018
ATTAVANAI PALLAGOUNDANPALAYAM:7444,5923, 7269,6050, 7248,5859, 7312,5700, 7418,5732, 7444,5923
ATTAVANAI PALLAGOUNDANPALAYAM:7269,6050, 7227,6267, 7195,6421, 7078,6554, 6978,6432, 6872,6241, 6978,6140, 7073,6023, 7269,6050
SENGALIPALAYAM:6447,5774, 6622,5928, 6707,6023, 6792,6129, 6872,6241, 6978,6432, 7078,6554, 7057,6718, 6946,6739, 6776,6681, 6591,6654, 6389,6654, 6246,6607, 6066,6628, 5854,6612, 5695,6554, 5551,6421, 5541,6326, 5631,6151, 5567,5954, 5482,5779, 5689,5769, 5907,5774, 6076,5806, 6262,5795, 6447,5774
VIRUMANDAMPALAYAM:5541,6326, 5551,6421, 5482,6559, 5382,6686, 5313,6819, 5233,6935, 5175,7036, 4995,7036, 4862,7116, 4692,7047, 4464,7126, 4374,7285, 4321,7439, 4236,7588, 4077,7476, 3934,7423, 3759,7349, 3568,7259, 3420,7200, 3309,7132, 3409,6988, 3362,6851, 3176,6787, 3096,6638, 3065,6506, 3049,6400, 3287,6379, 3542,6363, 3690,6267, 3865,6172, 3982,6098, 4061,6018, 4252,6039, 4396,6092, 4613,6151, 4793,6135, 4936,6140, 5074,6167, 5233,6177, 5382,6241, 5541,6326
NADUPATTI:8770,7269, 8568,7275, 8362,7259, 8181,7312, 7964,7349, 7858,7195, 7794,7063, 7762,6888, 7757,6702, 7683,6495, 7831,6453, 7948,6299, 8171,6294, 8303,6225, 8415,6182, 8494,6151, 8584,6071, 8595,6204, 8754,6230, 8876,6304, 8971,6410, 8754,6474, 8685,6617, 8839,6676, 9003,6676, 9168,6723, 9183,6877, 9141,6967, 9072,7057, 8950,7116, 8780,7147, 8770,7269
PUTHUR PALLAPALAYAM:7683,6495, 7757,6702, 7762,6888, 7794,7063, 7858,7195, 7964,7349, 7900,7503, 7773,7651, 7662,7816, 7566,7964, 7439,8091, 7296,8155, 7147,8192, 7004,8150, 6888,8171, 6845,8049, 6845,7858, 6835,7699, 6845,7588, 6744,7519, 6797,7375, 6872,7216, 6888,7063, 6866,6893, 6797,6803, 6776,6681, 6946,6739, 7057,6718, 7078,6554, 7195,6421, 7328,6384, 7306,6516, 7487,6479, 7619,6267, 7683,6495
VADAMUGAM KANGAYAMPALAYAM:6776,6681, 6797,6803, 6866,6893, 6888,7063, 6872,7216, 6797,7375, 6744,7519, 6554,7524, 6331,7497, 6108,7614, 5949,7651, 5827,7678, 5785,7529, 5732,7413, 5620,7301, 5498,7227, 5398,7137, 5286,7084, 5175,7036, 5233,6935, 5313,6819, 5382,6686, 5482,6559, 5551,6421, 5695,6554, 5854,6612, 6066,6628, 6246,6607, 6389,6654, 6591,6654, 6776,6681
CHENGAPPALLI:5827,7678, 5811,7810, 5785,7964, 5854,8097, 5954,8240, 5986,8372, 5970,8494, 5976,8611, 5938,8791, 5875,8945, 5864,9093, 5854,9247, 5737,9300, 5488,9348, 5313,9422, 5133,9470, 4973,9433, 4761,9374, 4523,9327, 4364,9226, 4210,9247, 4077,9247, 3913,9290, 3950,9141, 4061,8966, 4088,8738, 4093,8542, 4114,8325, 4194,8218, 4380,8298, 4570,8378, 4788,8351, 5053,8351, 5069,8091, 4984,7853, 4894,7662, 4920,7497, 4899,7322, 4862,7116, 4995,7036, 5175,7036, 5286,7084, 5398,7137, 5498,7227, 5620,7301, 5732,7413, 5785,7529, 5827,7678
MUTHAMPALAYAM:4862,7116, 4899,7322, 4920,7497, 4894,7662, 4984,7853, 5069,8091, 5053,8351, 4788,8351, 4570,8378, 4380,8298, 4194,8218, 4210,8017, 4194,7789, 4236,7588, 4321,7439, 4374,7285, 4464,7126, 4692,7047, 4862,7116
PUNJAITHALAVAIPALAYAM:8770,7269, 8871,7280, 9035,7317, 9173,7428, 9332,7423, 9464,7513, 9661,7476, 9708,7322, 9825,7312, 9809,7529, 9735,7694, 9698,7869, 9814,7922, 9926,7948, 9942,8070, 10021,8187, 9947,8330, 9793,8484, 9639,8616, 9491,8584, 9348,8515, 9289,8431, 9146,8489, 8966,8521, 8823,8537, 8600,8590, 8415,8537, 8335,8616, 8128,8563, 7953,8478, 7847,8409, 7736,8325, 7651,8335, 7550,8261, 7439,8091, 7566,7964, 7662,7816, 7773,7651, 7900,7503, 7964,7349, 8181,7312, 8362,7259, 8568,7275, 8770,7269
THENMUGAM KANGAYAMPALAYAM:6744,7519, 6845,7588, 6835,7699, 6845,7858, 6845,8049, 6888,8171, 6808,8362, 6771,8558, 6803,8770, 6649,8722, 6538,8690, 6421,8674, 6288,8680, 6124,8701, 5976,8611, 5970,8494, 5986,8372, 5954,8240, 5854,8097, 5785,7964, 5811,7810, 5827,7678, 5949,7651, 6108,7614, 6331,7497, 6554,7524, 6744,7519
REDDIPALAYAM:7651,8335, 7651,8473, 7587,8632, 7572,8770, 7534,8871, 7566,9051, 7487,9162, 7349,9162, 7222,9141, 7084,9194, 7078,9046, 6967,8929, 6803,8770, 6771,8558, 6808,8362, 6888,8171, 7004,8150, 7147,8192, 7296,8155, 7439,8091, 7550,8261, 7651,8335
PUNJAI UTHUKULI:6803,8770, 6967,8929, 7078,9046, 7084,9194, 6967,9343, 6760,9369, 6538,9321, 6421,9486, 6304,9708, 6230,9894, 6039,9878, 5779,9867, 5710,9740, 5668,9618, 5615,9502, 5488,9348, 5737,9300, 5854,9247, 5864,9093, 5875,8945, 5938,8791, 5976,8611, 6124,8701, 6288,8680, 6421,8674, 6538,8690, 6649,8722, 6803,8770
VADUGAPALAYAM:7487,9162, 7460,9268, 7465,9438, 7418,9597, 7391,9756, 7397,9889, 7338,10027, 7153,10080, 6956,10069, 6771,10021, 6601,9958, 6352,9915, 6230,9894, 6304,9708, 6421,9486, 6538,9321, 6760,9369, 6967,9343, 7084,9194, 7222,9141, 7349,9162, 7487,9162
MORATTUPALAYAM:4761,9374, 4735,9549, 4687,9671, 4661,9814, 4708,9931, 4745,10064, 4878,10027, 5064,9974, 5307,10005, 5477,10048, 5642,10117, 5843,10180, 5960,10180, 5885,10345, 5848,10509, 5753,10673, 5753,10811, 5657,10992, 5557,11151, 5477,11288, 5366,11235, 5281,11204, 5148,11113, 4979,11103, 4751,10917, 4756,10673, 4645,10557, 4475,10403, 4252,10265, 4162,10037, 3998,9883, 3918,9751, 3940,9597, 3897,9465, 3913,9290, 4077,9247, 4210,9247, 4364,9226, 4523,9327, 4761,9374
AGRAHARA PERIYA PALAYAM:3918,9751, 3998,9883, 4162,10037, 4252,10265, 4475,10403, 4645,10557, 4756,10673, 4751,10917, 4979,11103, 5148,11113, 5281,11204, 5074,11262, 4878,11225, 4730,11193, 4666,11071, 4565,11018, 4406,10954, 4210,10944, 3977,10896, 3780,10949, 3653,10912, 3600,10711, 3563,10557, 3547,10419, 3552,10281, 3547,10111, 3494,9915, 3468,9708, 3669,9703, 3786,9735, 3918,9751
AGRAHARA PERIYA PALAYAM:4268,11569, 4321,11395, 4539,11257, 4491,11421, 4268,11569
RAKKIAPALAYAM:7338,10027, 7487,10180, 7444,10376, 7434,10541, 7407,10658, 7285,10620, 7110,10615, 7063,10451, 6925,10350, 6808,10323, 6654,10297, 6559,10371, 6596,10483, 6686,10604, 6718,10758, 6660,10912, 6463,10923, 6310,10912, 6140,10933, 6039,11129, 5880,11045, 5838,10901, 5753,10811, 5753,10673, 5848,10509, 5885,10345, 5960,10180, 6108,10143, 6161,10021, 6230,9894, 6352,9915, 6601,9958, 6771,10021, 6956,10069, 7153,10080, 7338,10027
ANAIPALAYAM:7110,10615, 6994,10705, 6994,10891, 6861,10896, 6660,10912, 6718,10758, 6686,10604, 6596,10483, 6559,10371, 6654,10297, 6808,10323, 6925,10350, 7063,10451, 7110,10615
ANAIPALAYAM:6660,10912, 6728,11108, 6835,11230, 6999,11230, 7206,11294, 7354,11432, 7460,11585, 7460,11718, 7471,11845, 7577,11893, 7476,11962, 7338,11999, 7174,11999, 7009,11872, 6882,11766, 6750,11750, 6596,11660, 6485,11617, 6294,11569, 6087,11469, 5896,11395, 5663,11363, 5477,11288, 5557,11151, 5657,10992, 5753,10811, 5838,10901, 5880,11045, 6039,11129, 6140,10933, 6310,10912, 6463,10923, 6660,10912
PALLAVARAYAN PALAYAM:7407,10658, 7407,10801, 7412,10933, 7519,11092, 7545,11267, 7550,11463, 7577,11607, 7587,11766, 7577,11893, 7471,11845, 7460,11718, 7460,11585, 7354,11432, 7206,11294, 6999,11230, 6835,11230, 6728,11108, 6660,10912, 6861,10896, 6994,10891, 6994,10705, 7110,10615, 7285,10620, 7407,10658
SIRCAR PERRIAPALAYAM:3653,10912, 3780,10949, 3977,10896, 4210,10944, 4406,10954, 4565,11018, 4666,11071, 4730,11193, 4539,11257, 4321,11395, 4268,11569, 4077,11596, 3897,11670, 3733,11686, 3595,11718, 3457,11771, 3388,11607, 3197,11506, 2980,11426, 2842,11400, 2709,11315, 2656,11098, 2672,10928, 2821,10901, 2948,10896, 3123,10848, 3309,10801, 3430,10875, 3531,10965, 3653,10912
