Periapatti:10414,1267, 10451,1392, 10570,1473, 10682,1629, 10695,1810, 10695,1972, 10657,2159, 10707,2390, 10763,2590, 10782,2783, 10782,3008, 10564,2908, 10395,2833, 10245,2746, 10058,2608, 9871,2521, 9665,2496, 9409,2540, 9147,2714, 8960,2833, 8736,2989, 8623,3195, 8436,3301, 8392,3513, 8299,3763, 8112,3862, 7899,4056, 7949,3769, 7887,3588, 7874,3370, 8093,3307, 8062,3120, 8186,2920, 8311,2714, 8286,2552, 8093,2415, 7987,2184, 8143,2134, 8080,1941, 8049,1791, 8105,1554, 8249,1360, 8480,1354, 8636,1292, 8773,1223, 8985,1142, 9609,861, 9865,1036, 10071,1111, 10239,1261, 10414,1267
Kosavampalayam:4343,194, 4287,293, 4299,412, 4274,593, 4262,836, 4399,967, 4468,1167, 4511,1385, 4262,1516, 4199,1772, 4149,1997, 4012,1947, 3756,1866, 3569,1735, 3501,1541, 3407,1417, 3282,1298, 3076,1179, 2839,1148, 2633,1055, 2384,1055, 2203,1023, 2034,967, 1803,917, 1835,1092, 1660,1055, 1610,886, 1666,637, 1747,412, 1934,306, 2065,169, 2246,75, 2365,293, 2552,418, 2696,406, 2908,437, 3070,387, 3220,368, 3363,262, 3582,194, 3744,175, 3981,156, 4218,206, 4343,194
Vagatholuvu:4149,1997, 4231,2147, 4137,2315, 4043,2484, 3850,2496, 3844,2633, 3825,2771, 3788,2951, 3819,3164, 3912,3419, 3719,3588, 3457,3613, 3232,3550, 2995,3538, 2733,3501, 2521,3526, 2384,3432, 2290,3214, 2328,3020, 2265,2839, 2246,2671, 2103,2602, 1947,2577, 1816,2496, 1803,2328, 1685,2172, 1392,2215, 1186,2134, 1161,2009, 1217,1828, 1379,1654, 1442,1510, 1498,1348, 1604,1242, 1660,1055, 1835,1092, 1803,917, 2034,967, 2203,1023, 2384,1055, 2633,1055, 2839,1148, 3076,1179, 3282,1298, 3407,1417, 3501,1541, 3569,1735, 3756,1866, 4012,1947, 4149,1997
Kuppampalayam:7874,3370, 7687,3214, 7544,3107, 7581,2920, 7675,2746, 7700,2558, 7669,2452, 7500,2303, 7382,2078, 7263,1959, 7219,1816, 7076,1816, 6876,1778, 7101,1641, 7338,1666, 7662,1654, 7887,1622, 8105,1554, 8049,1791, 8080,1941, 8143,2134, 7987,2184, 8093,2415, 8286,2552, 8311,2714, 8186,2920, 8062,3120, 8093,3307, 7874,3370
Amandakadavu:6876,1778, 7076,1816, 7219,1816, 7263,1959, 7382,2078, 7500,2303, 7669,2452, 7700,2558, 7675,2746, 7581,2920, 7544,3107, 7687,3214, 7874,3370, 7887,3588, 7949,3769, 7899,4056, 7874,4299, 7831,4455, 7656,4474, 7513,4518, 7319,4543, 7063,4536, 6801,4524, 6608,4518, 6446,4536, 6246,4480, 6090,4274, 5978,4118, 5903,3944, 5934,3819, 5934,3675, 5996,3550, 6196,3507, 6159,3282, 6115,3008, 6109,2764, 6034,2602, 5965,2409, 5815,2159, 5741,1872, 5809,1679, 6034,1722, 6308,1722, 6564,1747, 6876,1778
Veedampatti:1186,2134, 1392,2215, 1685,2172, 1803,2328, 1816,2496, 1947,2577, 2103,2602, 2246,2671, 2265,2839, 2328,3020, 2290,3214, 2384,3432, 2221,3513, 2028,3544, 1778,3582, 1491,3588, 1329,3526, 1061,3476, 774,3519, 487,3569, 375,3451, 194,3482, 100,3301, 0,3114, 69,2964, 244,2908, 312,2746, 362,2552, 549,2508, 662,2296, 886,2128, 1080,2153, 1186,2134
Poolavadi:10782,3008, 10944,3176, 11125,3151, 11306,3157, 11481,3232, 11637,3295, 11624,3538, 11656,3756, 11681,3900, 11712,4068, 11724,4318, 11425,4337, 11294,4299, 11131,4187, 10901,4106, 10670,4081, 10564,4174, 10445,4068, 10295,3969, 10089,3887, 9940,3950, 9778,3962, 9671,3856, 9590,3619, 9466,3426, 9341,3245, 9197,3351, 9066,3239, 8885,3101, 8623,3195, 8736,2989, 8960,2833, 9147,2714, 9409,2540, 9665,2496, 9871,2521, 10058,2608, 10245,2746, 10395,2833, 10564,2908, 10782,3008
Anikadavu:5903,3944, 5978,4118, 6090,4274, 6246,4480, 6146,4561, 6009,4574, 5822,4561, 5653,4599, 5478,4574, 5223,4543, 4973,4530, 4767,4505, 4580,4486, 4418,4505, 4262,4493, 4081,4543, 3869,4568, 3632,4505, 3394,4493, 3189,4499, 2976,4530, 2764,4586, 2515,4605, 2221,4636, 2003,4730, 1847,4717, 1660,4705, 1498,4705, 1329,4736, 1136,4711, 867,4649, 612,4592, 437,4536, 343,4256, 281,3981, 231,3706, 194,3482, 375,3451, 487,3569, 774,3519, 1061,3476, 1329,3526, 1491,3588, 1778,3582, 2028,3544, 2221,3513, 2384,3432, 2521,3526, 2733,3501, 2995,3538, 3232,3550, 3457,3613, 3719,3588, 3912,3419, 4149,3395, 4305,3226, 4368,3033, 4611,3058, 4830,3101, 4942,3263, 5011,3438, 5023,3575, 5035,3744, 5185,3856, 5416,3925, 5628,3881, 5903,3944
Kondampatti:9940,3950, 10002,4187, 10015,4455, 9952,4624, 9915,4848, 9809,5042, 9809,5266, 9721,5454, 9559,5404, 9422,5347, 9322,5160, 9247,4998, 9060,4992, 8910,4923, 8686,4780, 8386,4711, 8055,4605, 8105,4355, 8199,4218, 8249,4012, 8299,3763, 8392,3513, 8436,3301, 8623,3195, 8885,3101, 9066,3239, 9197,3351, 9341,3245, 9466,3426, 9590,3619, 9671,3856, 9778,3962, 9940,3950
Athukinathupatti:11724,4318, 11755,4480, 11799,4642, 11799,4936, 11774,5167, 11768,5366, 11780,5528, 11805,5684, 11824,5847, 11893,6034, 11924,6240, 11487,6308, 11375,6402, 11194,6421, 10969,6421, 10788,6333, 10607,6402, 10414,6327, 10258,6302, 10152,6171, 9940,6077, 9796,5872, 9827,5691, 9821,5528, 9721,5454, 9809,5266, 9809,5042, 9915,4848, 9952,4624, 10015,4455, 10002,4187, 9940,3950, 10089,3887, 10295,3969, 10445,4068, 10564,4174, 10670,4081, 10901,4106, 11131,4187, 11294,4299, 11425,4337, 11724,4318
Kondampatti:8024,5859, 7849,5822, 7631,5965, 7419,6009, 7188,6059, 6932,6159, 6658,6265, 6421,6302, 6265,6252, 6265,6028, 6115,5847, 5959,5703, 6003,5553, 5928,5397, 5822,5229, 5797,5067, 5890,4942, 6015,4805, 6059,4686, 6009,4574, 6146,4561, 6246,4480, 6446,4536, 6608,4518, 6801,4524, 7063,4536, 7319,4543, 7513,4518, 7656,4474, 7831,4455, 7862,4611, 7837,4886, 7831,5123, 7874,5291, 7899,5503, 7943,5684, 8024,5859
Illuppanagaram:6009,4574, 6059,4686, 6015,4805, 5890,4942, 5797,5067, 5822,5229, 5928,5397, 6003,5553, 5959,5703, 5803,5809, 5634,5897, 5441,5803, 5279,5697, 5092,5666, 4867,5678, 4680,5766, 4592,5909, 4455,5897, 4362,5772, 4218,5790, 4187,6003, 3962,6096, 3750,6077, 3575,6134, 3588,6340, 3700,6464, 3906,6589, 3713,6676, 3563,6658, 3432,6608, 3232,6521, 3320,6290, 3307,6096, 3407,5928, 3419,5691, 3394,5479, 3451,5266, 3669,5060, 3463,4961, 3238,5017, 3214,5260, 3045,5235, 2902,5167, 2802,5372, 2746,5585, 2546,5585, 2384,5503, 2172,5522, 1991,5285, 2040,4967, 2003,4730, 2221,4636, 2515,4605, 2764,4586, 2976,4530, 3189,4499, 3394,4493, 3632,4505, 3869,4568, 4081,4543, 4262,4493, 4418,4505, 4580,4486, 4767,4505, 4973,4530, 5223,4543, 5478,4574, 5653,4599, 5822,4561, 6009,4574
Virugalpatti:2003,4730, 2040,4967, 1991,5285, 2172,5522, 2384,5503, 2546,5585, 2746,5585, 2802,5372, 2902,5167, 3045,5235, 3214,5260, 3238,5017, 3463,4961, 3669,5060, 3451,5266, 3394,5479, 3419,5691, 3407,5928, 3307,6096, 3014,6028, 2908,6159, 2702,6221, 2652,6358, 2459,6396, 2309,6427, 2140,6458, 1947,6514, 1885,6371, 1697,6377, 1516,6346, 1342,6371, 1123,6408, 899,6471, 674,6496, 630,6283, 593,6059, 555,5840, 524,5528, 481,5260, 562,5073, 506,4823, 437,4536, 612,4592, 867,4649, 1136,4711, 1329,4736, 1498,4705, 1660,4705, 1847,4717, 2003,4730
Vadugapalayam:5959,5703, 6115,5847, 6265,6028, 6265,6252, 6421,6302, 6658,6265, 6932,6159, 7188,6059, 7419,6009, 7631,5965, 7849,5822, 8024,5859, 7993,5996, 7981,6127, 7974,6277, 7893,6439, 7906,6645, 7981,6857, 8143,6914, 8143,7082, 8068,7288, 7956,7444, 7775,7544, 7513,7556, 7294,7637, 7213,7856, 7045,7962, 6876,8062, 6695,8074, 6670,7893, 6639,7625, 6489,7569, 6358,7488, 6383,7282, 6346,7057, 6240,6939, 6233,6783, 6021,6770, 5822,6820, 5684,6751, 5522,6627, 5410,6701, 5273,6676, 5185,6521, 4986,6352, 4942,6140, 4867,5890, 4867,5678, 5092,5666, 5279,5697, 5441,5803, 5634,5897, 5803,5809, 5959,5703
Somavarapatti:6695,8074, 6552,8155, 6508,8349, 6283,8436, 6208,8598, 6290,8748, 6389,8960, 6084,8998, 5865,9041, 5634,9060, 5397,9160, 5179,9210, 5085,9041, 5079,8860, 5011,8704, 4848,8498, 4811,8317, 4792,8137, 4761,8006, 4761,7868, 4630,7712, 4436,7563, 4424,7338, 4524,7126, 4362,6988, 4274,6770, 4100,6689, 3906,6589, 3700,6464, 3588,6340, 3575,6134, 3750,6077, 3962,6096, 4187,6003, 4218,5790, 4362,5772, 4455,5897, 4592,5909, 4680,5766, 4867,5678, 4867,5890, 4942,6140, 4986,6352, 5185,6521, 5273,6676, 5410,6701, 5522,6627, 5684,6751, 5822,6820, 6021,6770, 6233,6783, 6240,6939, 6346,7057, 6383,7282, 6358,7488, 6489,7569, 6639,7625, 6670,7893, 6695,8074
Kongalnagaram:3307,6096, 3320,6290, 3232,6521, 3432,6608, 3563,6658, 3713,6676, 3906,6589, 4100,6689, 4274,6770, 4362,6988, 4524,7126, 4424,7338, 4436,7563, 4630,7712, 4761,7868, 4761,8006, 4792,8137, 4811,8317, 4848,8498, 4705,8586, 4530,8411, 4368,8361, 4330,8505, 4206,8573, 3781,8573, 3588,8542, 3526,8723, 3288,8792, 3126,8941, 2883,8998, 2608,9054, 2384,9085, 2409,8835, 2590,8760, 2789,8792, 2945,8692, 2652,8611, 2452,8617, 2147,8636, 1984,8467, 1716,8411, 1616,8243, 1729,8080, 1810,7825, 2040,7712, 1997,7500, 2122,7357, 1978,7251, 1997,7500, 1766,7444, 1741,7238, 1822,7045, 2034,6932, 1953,6739, 1947,6514, 2140,6458, 2309,6427, 2459,6396, 2652,6358, 2702,6221, 2908,6159, 3014,6028, 3307,6096
Pudupalayam:1947,6514, 1953,6739, 2034,6932, 1822,7045, 1741,7238, 1766,7444, 1997,7500, 2040,7712, 1810,7825, 1729,8080, 1616,8243, 1716,8411, 1579,8530, 1448,8424, 1229,8455, 1011,8523, 805,8611, 755,8498, 705,8355, 655,8243, 562,8080, 543,7787, 549,7481, 568,7325, 562,7176, 555,7007, 599,6857, 599,6708, 637,6589, 674,6496, 899,6471, 1123,6408, 1342,6371, 1516,6346, 1697,6377, 1885,6371, 1947,6514
Pudupalayam:1997,7500, 1978,7251, 2122,7357, 1997,7500
Dodapatti:4848,8498, 5011,8704, 5079,8860, 5085,9041, 5179,9210, 5110,9384, 5048,9547, 4936,9665, 4767,9821, 4642,9952, 4536,10090, 4374,10158, 4149,10221, 4012,10146, 3881,10102, 3869,9909, 3731,9802, 3488,9671, 3526,9378, 3550,9191, 3719,9166, 3663,8985, 3482,8929, 3320,8966, 3126,8941, 3288,8792, 3526,8723, 3588,8542, 3781,8573, 4206,8573, 4330,8505, 4368,8361, 4530,8411, 4705,8586, 4848,8498
Pannaikinar:3126,8941, 3320,8966, 3482,8929, 3663,8985, 3719,9166, 3550,9191, 3526,9378, 3488,9671, 3731,9802, 3869,9909, 3881,10102, 3706,10090, 3557,10015, 3419,9940, 3263,9890, 3076,9771, 2839,9746, 2602,9734, 2384,9665, 2240,9603, 2040,9534, 1828,9509, 1647,9503, 1448,9422, 1229,9328, 1211,9116, 1092,9066, 911,8973, 793,8829, 805,8611, 1011,8523, 1229,8455, 1448,8424, 1579,8530, 1716,8411, 1984,8467, 2147,8636, 2452,8617, 2652,8611, 2945,8692, 2789,8792, 2590,8760, 2409,8835, 2384,9085, 2608,9054, 2883,8998, 3126,8941
Pukkulam:7812,9141, 7806,9328, 7694,9484, 7525,9534, 7456,9734, 7438,9915, 7475,10083, 7488,10233, 7463,10433, 7313,10614, 7163,10938, 6957,11019, 6758,11119, 6764,11281, 6701,11450, 6689,11649, 6577,11812, 6421,11924, 6346,11799, 6208,11699, 6109,11587, 5953,11506, 5872,11350, 5741,11200, 5722,10994, 5765,10770, 5890,10570, 5959,10295, 5778,10283, 5616,10270, 5416,10171, 5235,10202, 5011,10227, 4723,10164, 4536,10090, 4642,9952, 4767,9821, 4936,9665, 5048,9547, 5110,9384, 5179,9210, 5397,9160, 5634,9060, 5865,9041, 6084,8998, 6389,8960, 6577,9048, 6789,9110, 6976,9116, 7232,9147, 7519,9129, 7812,9141
Ponneri:10089,9272, 10046,9441, 10083,9578, 10071,9771, 9921,9896, 10008,10027, 10033,10239, 9971,10458, 9759,10458, 9634,10495, 9466,10501, 9310,10508, 9147,10501, 9029,10564, 8879,10545, 8698,10614, 8467,10626, 8218,10645, 8024,10620, 7868,10632, 7731,10495, 7463,10433, 7488,10233, 7475,10083, 7438,9915, 7456,9734, 7525,9534, 7694,9484, 7806,9328, 7812,9141, 8099,9135, 8224,9154, 8367,9185, 8573,9197, 8810,9241, 9041,9235, 9185,9266, 9391,9285, 9590,9285, 9821,9247, 10089,9272
Mukkadutallpatti:3881,10102, 4012,10146, 4149,10221, 4374,10158, 4536,10090, 4723,10164, 5011,10227, 5073,10414, 5023,10620, 4798,10632, 4524,10620, 4243,10670, 4087,10745, 3962,10838, 3788,10851, 3594,10894, 3351,10969, 3132,10957, 2877,10957, 2664,10913, 2696,10757, 2789,10539, 2864,10358, 2927,10214, 3001,9971, 3076,9771, 3263,9890, 3419,9940, 3557,10015, 3706,10090, 3881,10102
Gudimangalam:9721,5454, 9821,5528, 9827,5691, 9796,5872, 9940,6077, 10152,6171, 10258,6302, 10414,6327, 10607,6402, 10788,6333, 10969,6421, 11194,6421, 11375,6402, 11487,6308, 11924,6240, 11930,6496, 11936,6683, 11980,6857, 11999,7082, 11593,7307, 11375,7369, 11294,7481, 11206,7587, 11069,7712, 11019,7874, 11013,8043, 11013,8224, 10863,8336, 10632,8311, 10489,8174, 10345,8118, 10183,8037, 10108,7906, 10083,7681, 9890,7637, 9709,7575, 9503,7525, 9347,7550, 9222,7400, 9066,7275, 9378,7176, 9129,7101, 8929,7057, 8798,7263, 8729,7101, 8642,6964, 8424,6845, 8143,6914, 7981,6857, 7906,6645, 7893,6439, 7974,6277, 7981,6127, 7993,5996, 8024,5859, 7943,5684, 7899,5503, 7874,5291, 7831,5123, 7837,4886, 7862,4611, 7831,4455, 7874,4299, 7899,4056, 8112,3862, 8299,3763, 8249,4012, 8199,4218, 8105,4355, 8055,4605, 8386,4711, 8686,4780, 8910,4923, 9060,4992, 9247,4998, 9322,5160, 9422,5347, 9559,5404, 9721,5454
Kotamangalam:10863,8336, 10857,8555, 10826,8704, 10795,8835, 10882,9016, 10832,9172, 10620,9197, 10364,9235, 10089,9272, 9821,9247, 9590,9285, 9391,9285, 9185,9266, 9041,9235, 8810,9241, 8573,9197, 8367,9185, 8224,9154, 8099,9135, 7812,9141, 7519,9129, 7232,9147, 6976,9116, 6789,9110, 6577,9048, 6389,8960, 6290,8748, 6208,8598, 6283,8436, 6508,8349, 6552,8155, 6695,8074, 6876,8062, 7045,7962, 7213,7856, 7294,7637, 7513,7556, 7775,7544, 7956,7444, 8068,7288, 8143,7082, 8143,6914, 8424,6845, 8642,6964, 8729,7101, 8798,7263, 8929,7057, 9129,7101, 9378,7176, 9066,7275, 9222,7400, 9347,7550, 9503,7525, 9709,7575, 9890,7637, 10083,7681, 10108,7906, 10183,8037, 10345,8118, 10489,8174, 10632,8311, 10863,8336
Mongiltholuvu:5809,1679, 5741,1872, 5815,2159, 5965,2409, 6034,2602, 6109,2764, 6115,3008, 6159,3282, 6196,3507, 5996,3550, 5934,3675, 5934,3819, 5903,3944, 5628,3881, 5416,3925, 5185,3856, 5035,3744, 5023,3575, 5011,3438, 4942,3263, 4830,3101, 4611,3058, 4368,3033, 4305,3226, 4149,3395, 3912,3419, 3819,3164, 3788,2951, 3825,2771, 3844,2633, 3850,2496, 4043,2484, 4137,2315, 4231,2147, 4149,1997, 4199,1772, 4262,1516, 4511,1385, 4468,1167, 4399,967, 4262,836, 4274,593, 4299,412, 4287,293, 4343,194, 4536,156, 4705,131, 4911,100, 5079,113, 5023,275, 4929,437, 4898,612, 4798,736, 4667,880, 4767,1017, 4904,1123, 5017,1261, 5235,1317, 5441,1404, 5666,1510, 5809,1679
