Kaniyur:7910,3901, 7788,4023, 7718,4131, 7657,4248, 7478,4333, 7225,4455, 7027,4507, 7032,4399, 7089,4291, 7168,4117, 7215,3948, 7215,3807, 7211,3634, 7178,3497, 7206,3338, 7427,3357, 7516,3488, 7642,3507, 7727,3648, 7788,3821, 7910,3901
Kolumam:7328,9229, 7304,9417, 7300,9563, 7436,9652, 7464,9807, 7497,9948, 7516,10112, 7380,10027, 7281,9919, 7131,9858, 7013,9755, 6793,9741, 6553,9736, 6685,9577, 6722,9431, 6680,9300, 6596,9187, 6530,9046, 6610,8896, 6746,8741, 6896,8882, 7060,8985, 7239,9126, 7328,9229
Kolumam:7563,10257, 7516,10112, 7647,10187, 7563,10257
Thungavi:6652,1681, 6582,1789, 6596,1962, 6783,2042, 6966,2070, 7103,2070, 7267,2084, 7272,2239, 7164,2380, 7187,2530, 7182,2685, 7309,2704, 7408,2742, 7300,2892, 7126,2892, 7018,2911, 7037,3019, 7051,3122, 7089,3225, 7206,3338, 7178,3497, 7056,3488, 6896,3521, 6755,3558, 6661,3568, 6572,3587, 6450,3624, 6290,3652, 6140,3652, 5971,3634, 5835,3643, 5704,3676, 5577,3774, 5413,3737, 5244,3737, 5122,3756, 4948,3737, 4765,3709, 4619,3695, 4511,3643, 4338,3601, 4192,3572, 4042,3540, 4065,3361, 4122,3197, 4103,2981, 4122,2807, 4089,2666, 4084,2469, 4103,2272, 4272,2272, 4446,2239, 4600,2263, 4718,2225, 4934,2211, 5046,2361, 5173,2366, 5291,2357, 5460,2305, 5638,2338, 5760,2371, 5859,2282, 5920,2159, 6013,2005, 6136,1882, 6234,1821, 6323,1732, 6431,1667, 6539,1648, 6652,1681
Karatholuvu:8426,1798, 8459,1887, 8487,2047, 8530,2178, 8553,2277, 8605,2389, 8685,2469, 8778,2540, 8863,2624, 8915,2713, 8830,2742, 8694,2779, 8520,2882, 8450,2981, 8351,3108, 8210,3061, 8098,2934, 7962,2939, 7802,2934, 7652,2962, 7497,3056, 7534,3188, 7647,3352, 7727,3469, 7802,3521, 7858,3587, 7915,3727, 7910,3901, 7788,3821, 7727,3648, 7642,3507, 7516,3488, 7427,3357, 7206,3338, 7089,3225, 7051,3122, 7037,3019, 7018,2911, 7126,2892, 7300,2892, 7408,2742, 7309,2704, 7182,2685, 7187,2530, 7164,2380, 7272,2239, 7267,2084, 7103,2070, 6966,2070, 6783,2042, 6596,1962, 6582,1789, 6652,1681, 6826,1671, 6882,1840, 7032,1882, 7173,1878, 7328,1878, 7506,1873, 7675,1845, 7858,1831, 8027,1826, 8220,1812, 8328,1812, 8426,1798
Thanthoni:4103,2272, 4084,2469, 4089,2666, 4122,2807, 4103,2981, 4122,3197, 4065,3361, 4042,3540, 3943,3554, 3821,3568, 3680,3577, 3540,3601, 3394,3596, 3281,3596, 3159,3629, 3023,3662, 3009,3530, 3028,3347, 3056,3169, 3009,2958, 2986,2798, 3079,2770, 3239,2770, 3286,2605, 3267,2446, 3202,2347, 3314,2253, 3324,2108, 3295,2005, 3328,1878, 3535,1850, 3727,1821, 3887,1803, 3943,1958, 4028,2094, 4103,2272
Kadathur:9079,2943, 8980,3042, 8938,3211, 8835,3277, 8722,3272, 8647,3371, 8544,3385, 8473,3483, 8351,3511, 8276,3643, 8159,3765, 8084,3864, 8135,4009, 8140,4211, 8009,4263, 7858,4281, 7807,4455, 7755,4586, 7638,4558, 7619,4718, 7605,4882, 7549,5065, 7450,5248, 7389,5403, 7361,5544, 7337,5690, 7323,5793, 7304,5920, 7206,5953, 7225,5755, 7234,5643, 7248,5492, 7267,5333, 7248,5211, 7290,5098, 7394,5037, 7450,4929, 7450,4784, 7445,4647, 7516,4511, 7478,4333, 7657,4248, 7718,4131, 7788,4023, 7910,3901, 7915,3727, 7858,3587, 7802,3521, 7727,3469, 7647,3352, 7534,3188, 7497,3056, 7652,2962, 7802,2934, 7962,2939, 8098,2934, 8210,3061, 8351,3108, 8450,2981, 8520,2882, 8694,2779, 8830,2742, 8915,2713, 9009,2835, 9079,2943
Jothampatti:7178,3497, 7211,3634, 7215,3807, 7215,3948, 7168,4117, 7089,4291, 7032,4399, 7027,4507, 6938,4586, 6722,4568, 6577,4615, 6445,4676, 6323,4619, 6229,4488, 6136,4530, 6065,4615, 5920,4713, 5802,4596, 5769,4474, 5732,4333, 5680,4145, 5671,3967, 5577,3774, 5704,3676, 5835,3643, 5971,3634, 6140,3652, 6290,3652, 6450,3624, 6572,3587, 6661,3568, 6755,3558, 6896,3521, 7056,3488, 7178,3497
Myvadi:5577,3774, 5671,3967, 5680,4145, 5732,4333, 5769,4474, 5802,4596, 5920,4713, 5844,4831, 5868,4995, 5873,5145, 5887,5253, 5830,5370, 5859,5460, 5737,5535, 5614,5563, 5511,5563, 5441,5666, 5305,5690, 5234,5765, 5122,5807, 5037,5901, 4906,5920, 4793,5929, 4629,5953, 4441,5990, 4366,5920, 4356,5816, 4361,5694, 4319,5582, 4370,5436, 4394,5291, 4352,5178, 4389,5018, 4267,4887, 4173,4770, 4032,4709, 3915,4633, 3732,4619, 3554,4662, 3389,4652, 3263,4690, 3155,4723, 3033,4755, 2920,4718, 2957,4563, 3014,4403, 3056,4248, 3047,4037, 3047,3746, 3023,3662, 3159,3629, 3281,3596, 3394,3596, 3540,3601, 3680,3577, 3821,3568, 3943,3554, 4042,3540, 4192,3572, 4338,3601, 4511,3643, 4619,3695, 4765,3709, 4948,3737, 5122,3756, 5244,3737, 5413,3737, 5577,3774
Sholamadevi:7206,5953, 7135,6089, 7013,6089, 7056,5924, 7089,5802, 7009,5694, 6985,5572, 7018,5413, 6934,5262, 6938,5042, 6849,4887, 6891,4737, 6938,4586, 7027,4507, 7225,4455, 7478,4333, 7516,4511, 7445,4647, 7450,4784, 7450,4929, 7394,5037, 7290,5098, 7248,5211, 7267,5333, 7248,5492, 7234,5643, 7225,5755, 7206,5953
Vedapatti:6938,4586, 6891,4737, 6849,4887, 6938,5042, 6934,5262, 7018,5413, 6985,5572, 6887,5586, 6793,5591, 6708,5629, 6516,5619, 6380,5577, 6229,5563, 6075,5554, 5943,5544, 5859,5460, 5830,5370, 5887,5253, 5873,5145, 5868,4995, 5844,4831, 5920,4713, 6065,4615, 6136,4530, 6229,4488, 6323,4619, 6445,4676, 6577,4615, 6722,4568, 6938,4586
Agraharakannadiputhur:6708,5629, 6760,5802, 6769,5976, 6722,6140, 6619,6253, 6497,6328, 6539,6502, 6525,6661, 6492,6854, 6413,6952, 6459,7084, 6596,7201, 6694,7295, 6704,7455, 6783,7535, 6858,7610, 6887,7727, 6868,7830, 6877,7962, 6755,7966, 6624,8004, 6483,8046, 6314,8027, 6136,8023, 6145,7882, 6206,7732, 6258,7567, 6253,7389, 6281,7197, 6150,7112, 6023,7075, 5887,7112, 5718,7136, 5516,7098, 5366,7051, 5319,6934, 5168,6891, 5140,6718, 5131,6521, 5122,6380, 5131,6225, 5079,6028, 5037,5901, 5122,5807, 5234,5765, 5305,5690, 5441,5666, 5511,5563, 5614,5563, 5737,5535, 5859,5460, 5943,5544, 6075,5554, 6229,5563, 6380,5577, 6516,5619, 6708,5629
Sarkarkannadiputhur:7013,6089, 6990,6164, 6943,6286, 6873,6441, 6849,6614, 6873,6793, 6905,6906, 6976,7032, 7037,7178, 7079,7351, 7168,7488, 7154,7614, 7159,7807, 7117,7943, 7060,8046, 7027,8159, 6910,8093, 6877,7962, 6868,7830, 6887,7727, 6858,7610, 6783,7535, 6704,7455, 6694,7295, 6596,7201, 6459,7084, 6413,6952, 6492,6854, 6525,6661, 6539,6502, 6497,6328, 6619,6253, 6722,6140, 6769,5976, 6760,5802, 6708,5629, 6793,5591, 6887,5586, 6985,5572, 7009,5694, 7089,5802, 7056,5924, 7013,6089
Pappankulam:6136,8023, 6009,8023, 5901,8051, 5816,8107, 5708,8079, 5582,8098, 5422,8117, 5342,8211, 5267,8314, 5150,8422, 4953,8497, 4906,8628, 4835,8760, 4760,8905, 4615,8891, 4492,8915, 4380,8872, 4333,8760, 4187,8722, 4093,8699, 3920,8732, 3802,8642, 3629,8638, 3450,8605, 3309,8586, 3239,8459, 3389,8361, 3596,8304, 3685,8126, 3676,7976, 3859,7957, 3849,7849, 3878,7741, 3920,7600, 3948,7450, 4028,7253, 4009,7093, 4145,7065, 4253,6938, 4333,6798, 4380,6605, 4413,6441, 4474,6305, 4507,6136, 4441,5990, 4629,5953, 4793,5929, 4906,5920, 5037,5901, 5079,6028, 5131,6225, 5122,6380, 5131,6521, 5140,6718, 5168,6891, 5319,6934, 5366,7051, 5516,7098, 5718,7136, 5887,7112, 6023,7075, 6150,7112, 6281,7197, 6253,7389, 6258,7567, 6206,7732, 6145,7882, 6136,8023
Sankaramanallur North:7328,9229, 7239,9126, 7060,8985, 6896,8882, 6746,8741, 6821,8628, 6910,8534, 6999,8403, 7046,8262, 7027,8159, 7060,8046, 7117,7943, 7159,7807, 7154,7614, 7168,7488, 7319,7544, 7380,7647, 7516,7675, 7661,7718, 7807,7708, 7943,7722, 8107,7718, 8248,7736, 8422,7727, 8581,7746, 8642,7905, 8614,8070, 8595,8206, 8534,8380, 8502,8539, 8497,8628, 8469,8741, 8445,8910, 8276,8934, 8121,8924, 8041,9098, 7882,9117, 7708,9084, 7591,9112, 7464,9192, 7328,9229
East Komaralingam:7027,8159, 7046,8262, 6999,8403, 6910,8534, 6821,8628, 6746,8741, 6610,8896, 6530,9046, 6596,9187, 6680,9300, 6722,9431, 6685,9577, 6553,9736, 6413,9694, 6272,9722, 6140,9774, 5990,9788, 5835,9783, 5896,9661, 5868,9544, 5896,9450, 5995,9304, 5990,9126, 5985,9009, 5971,8863, 5952,8694, 5826,8586, 5793,8427, 5859,8272, 5910,8154, 5901,8051, 6009,8023, 6136,8023, 6314,8027, 6483,8046, 6624,8004, 6755,7966, 6877,7962, 6910,8093, 7027,8159
Komaralingam:5835,9783, 5830,9938, 5840,10079, 5821,10243, 5774,10422, 5760,10600, 5746,10713, 5737,10844, 5718,11018, 5591,11102, 5474,11116, 5356,11023, 5164,11065, 5028,11116, 4934,11135, 4901,11224, 4812,11267, 4737,11346, 4793,11445, 4873,11515, 4854,11680, 4910,11900, 4769,11999, 4624,11980, 4605,11896, 4605,11811, 4568,11652, 4638,11469, 4582,11356, 4586,11243, 4610,11093, 4460,11008, 4342,10900, 4197,10835, 4281,10666, 4370,10530, 4464,10459, 4605,10417, 4751,10337, 4737,10173, 4666,10041, 4699,9872, 4713,9727, 4708,9581, 4765,9450, 4751,9262, 4751,9088, 4746,8985, 4760,8905, 4835,8760, 4906,8628, 4953,8497, 5150,8422, 5267,8314, 5342,8211, 5422,8117, 5582,8098, 5708,8079, 5816,8107, 5901,8051, 5910,8154, 5859,8272, 5793,8427, 5826,8586, 5952,8694, 5971,8863, 5985,9009, 5990,9126, 5995,9304, 5896,9450, 5868,9544, 5896,9661, 5835,9783
Komaralingam:4098,11093, 4070,10952, 4197,10835, 4187,10994, 4098,11093
Sankaramanallur south:6553,9736, 6793,9741, 7013,9755, 7131,9858, 7281,9919, 7380,10027, 7516,10112, 7563,10257, 7553,10379, 7619,10525, 7614,10666, 7642,10764, 7675,10886, 7694,11074, 7666,11257, 7539,11271, 7408,11262, 7225,11267, 7074,11318, 6915,11379, 6779,11361, 6652,11389, 6474,11454, 6281,11478, 6093,11417, 5906,11384, 5769,11342, 5737,11248, 5760,11131, 5718,11018, 5737,10844, 5746,10713, 5760,10600, 5774,10422, 5821,10243, 5840,10079, 5830,9938, 5835,9783, 5990,9788, 6140,9774, 6272,9722, 6413,9694, 6553,9736
Metrathi:6309,9, 6370,164, 6445,305, 6520,469, 6652,648, 6708,793, 6769,972, 6788,1108, 6746,1230, 6741,1390, 6783,1549, 6826,1671, 6652,1681, 6539,1648, 6431,1667, 6323,1732, 6234,1821, 6136,1882, 6013,2005, 5920,2159, 5859,2282, 5760,2371, 5638,2338, 5460,2305, 5291,2357, 5173,2366, 5046,2361, 4934,2211, 4718,2225, 4600,2263, 4446,2239, 4272,2272, 4103,2272, 4028,2094, 3943,1958, 3887,1803, 3924,1685, 3859,1549, 3882,1451, 3906,1338, 3910,1174, 4023,1089, 4023,953, 4028,826, 4065,704, 4169,610, 4234,530, 4295,446, 4460,399, 4765,230, 4859,263, 4985,239, 5164,202, 5366,160, 5492,136, 5633,113, 5783,85, 5929,52, 6065,28, 6197,0, 6309,9
