THUMBIPADY:7457,1572, 7552,1594, 7595,1540, 7609,1490, 7686,1401, 7705,1361, 7756,1338, 7882,1347, 7961,1396, 7993,1424, 8032,1458, 7973,1576, 7938,1599, 7828,1658, 7766,1758, 7700,1828, 7676,1835, 7582,1914, 7538,1978, 7480,2030, 7428,2114, 7409,2139, 7350,2215, 7401,2251, 7485,2296, 7490,2340, 7536,2407, 7621,2424, 7640,2371, 7699,2397, 7716,2441, 7787,2437, 7869,2440, 7880,2423, 7887,2372, 7962,2346, 8038,2380, 8063,2360, 8150,2330, 8188,2310, 8284,2324, 8271,2379, 8315,2487, 8393,2570, 8463,2589, 8545,2601, 8633,2599, 8775,2602, 8863,2603, 8983,2575, 8968,2611, 8914,2656, 8861,2669, 8839,2702, 8792,2768, 8765,2828, 8712,2865, 8623,2912, 8533,2962, 8484,3100, 8442,3215, 8378,3229, 8324,3302, 8235,3392, 8216,3537, 8248,3659, 8165,3729, 8149,3786, 8087,3832, 8050,3920, 8028,4006, 8036,4007, 7975,4033, 7817,4025, 7751,4044, 7689,4054, 7574,4001, 7548,4036, 7542,4028, 7572,3873, 7538,3804, 7502,3783, 7411,3694, 7328,3713, 7239,3742, 7085,3744, 6980,3723, 6925,3692, 6790,3567, 6740,3514, 6693,3479, 6673,3481, 6651,3482, 6625,3481, 6588,3478, 6554,3455, 6551,3453, 6470,3416, 6454,3412, 6439,3406, 6420,3399, 6420,3376, 6360,3356, 6314,3300, 6340,3240, 6390,2943, 6394,2886, 6425,2766, 6415,2703, 6413,2690, 6316,2663, 6272,2631, 6240,2667, 6177,2720, 6160,2792, 6140,2869, 6066,2934, 6039,2939, 6004,2975, 5916,2954, 5894,2903, 5920,2830, 5900,2760, 5855,2708, 5830,2668, 5815,2574, 5818,2519, 5812,2493, 5805,2492, 5840,2411, 5862,2273, 5881,2190, 5871,2097, 5882,1971, 5887,1923, 6100,1961, 6248,1948, 6357,1881, 6494,1735, 6696,1776, 6816,1936, 6992,1870, 7061,1737, 7237,1684, 7345,1645, 7457,1572
SIKKANAMPATTY:6420,3399, 6397,3428, 6394,3432, 6339,3441, 6291,3430, 6260,3423, 6234,3426, 6218,3475, 6238,3498, 6271,3513, 6325,3524, 6373,3537, 6376,3518, 6380,3519, 6422,3519, 6439,3498, 6448,3498, 6456,3560, 6445,3589, 6432,3580, 6421,3590, 6384,3597, 6370,3590, 6352,3607, 6294,3583, 6239,3567, 6221,3562, 6182,3662, 6154,3820, 6139,3896, 6119,4017, 6113,4043, 6096,4071, 6023,4082, 5949,4055, 5924,4053, 5859,4161, 5807,4214, 5805,4216, 5778,4228, 5766,4225, 5752,4228, 5736,4232, 5739,4216, 5719,4210, 5667,4143, 5615,4122, 5588,4110, 5562,4162, 5552,4196, 5525,4250, 5504,4247, 5438,4191, 5450,4142, 5483,4070, 5486,4065, 5516,3984, 5442,3957, 5445,3922, 5471,3902, 5532,3898, 5563,3842, 5560,3778, 5542,3736, 5498,3735, 5440,3719, 5414,3697, 5380,3640, 5414,3490, 5478,3401, 5484,3327, 5389,3261, 5374,3229, 5418,3169, 5447,3063, 5468,2989, 5543,2906, 5588,2801, 5632,2733, 5645,2627, 5642,2591, 5643,2534, 5678,2503, 5747,2482, 5805,2492, 5812,2493, 5818,2519, 5815,2574, 5830,2668, 5855,2708, 5900,2760, 5920,2830, 5894,2903, 5916,2954, 6004,2975, 6039,2939, 6066,2934, 6140,2869, 6160,2792, 6177,2720, 6240,2667, 6272,2631, 6316,2663, 6413,2690, 6415,2703, 6425,2766, 6394,2886, 6390,2943, 6340,3240, 6314,3300, 6360,3356, 6420,3376, 6420,3399
Pannikaradi R.F.:9872,2518, 9888,2686, 9919,2786, 9928,2828, 9929,2864, 9925,2965, 9952,3071, 10009,3118, 10084,3127, 10148,3230, 10183,3297, 10268,3365, 10373,3460, 10475,3548, 10527,3614, 10592,3658, 10660,3616, 10702,3571, 10763,3568, 10828,3603, 10901,3644, 10980,3639, 11030,3647, 11107,3671, 11175,3707, 11217,3724, 11314,3782, 11398,3798, 11474,3786, 11547,3827, 11676,3875, 11765,3933, 11787,3965, 11799,3984, 11909,4056, 11952,4104, 11922,4120, 11899,4138, 11876,4152, 11825,4162, 11762,4096, 11668,4030, 11617,4027, 11521,4051, 11473,4122, 11431,4193, 11377,4259, 11365,4264, 11326,4275, 11244,4307, 11166,4348, 11093,4389, 11052,4416, 10961,4461, 10897,4438, 10664,4421, 10494,4391, 10284,4323, 10147,4273, 10051,4247, 9973,4296, 9881,4323, 9648,4282, 9516,4279, 9402,4339, 9314,4341, 9275,4334, 9242,4332, 9210,4309, 9151,4337, 9154,4379, 9138,4388, 9098,4414, 9062,4361, 8891,4242, 8760,4180, 8500,4115, 8409,4093, 8218,4023, 8036,4007, 8028,4006, 8050,3920, 8087,3832, 8149,3786, 8165,3729, 8248,3659, 8216,3537, 8235,3392, 8324,3302, 8378,3229, 8442,3215, 8484,3100, 8533,2962, 8623,2912, 8712,2865, 8765,2828, 8792,2768, 8839,2702, 8861,2669, 8914,2656, 8968,2611, 8983,2575, 9115,2553, 9328,2536, 9543,2536, 9641,2553, 9703,2561, 9769,2572, 9825,2562, 9872,2518
POTTIAPURAM:7548,4036, 7509,4089, 7493,4139, 7445,4214, 7411,4234, 7356,4246, 7335,4324, 7279,4358, 7260,4457, 7266,4479, 7274,4480, 7223,4543, 7183,4633, 7104,4668, 7035,4645, 6948,4601, 6887,4642, 6818,4699, 6678,4683, 6640,4696, 6582,4803, 6514,4911, 6419,4897, 6283,4812, 6148,4750, 5969,4649, 5973,4595, 5912,4463, 5842,4419, 5762,4323, 5752,4228, 5766,4225, 5778,4228, 5805,4216, 5807,4214, 5859,4161, 5924,4053, 5949,4055, 6023,4082, 6096,4071, 6113,4043, 6119,4017, 6139,3896, 6154,3820, 6182,3662, 6221,3562, 6239,3567, 6294,3583, 6352,3607, 6370,3590, 6384,3597, 6421,3590, 6432,3580, 6445,3589, 6456,3560, 6448,3498, 6439,3498, 6422,3519, 6380,3519, 6376,3518, 6373,3537, 6325,3524, 6271,3513, 6238,3498, 6218,3475, 6234,3426, 6260,3423, 6291,3430, 6339,3441, 6394,3432, 6397,3428, 6420,3399, 6439,3406, 6454,3412, 6470,3416, 6551,3453, 6554,3455, 6588,3478, 6625,3481, 6651,3482, 6673,3481, 6693,3479, 6740,3514, 6790,3567, 6925,3692, 6980,3723, 7085,3744, 7239,3742, 7328,3713, 7411,3694, 7502,3783, 7538,3804, 7572,3873, 7542,4028, 7548,4036
POTTIAPURAM:6489,4016, 6526,3975, 6552,3953, 6560,3930, 6577,3874, 6599,3823, 6583,3819, 6472,3792, 6456,3800, 6445,3806, 6463,3870, 6410,3916, 6404,3959, 6437,3971, 6469,3995, 6489,4016
POTTIAPURAM:6927,4002, 6960,3987, 6980,3975, 6968,3936, 6935,3910, 6898,3914, 6857,3926, 6858,3967, 6927,4002
POTTIAPURAM:6402,4050, 6406,4039, 6406,4016, 6401,3995, 6361,3979, 6329,3973, 6297,3965, 6273,3963, 6231,3947, 6209,3987, 6247,4036, 6286,4041, 6327,4036, 6373,4049, 6402,4050
POTTIAPURAM:6618,4081, 6612,4033, 6573,4003, 6549,4016, 6574,4061, 6601,4073, 6618,4081
POTTIAPURAM:6796,4280, 6781,4239, 6766,4213, 6733,4239, 6766,4263, 6796,4280
POTTIAPURAM:6883,4284, 6878,4230, 6854,4230, 6860,4275, 6883,4284
POTTIAPURAM:6746,4371, 6741,4349, 6725,4329, 6691,4343, 6740,4371, 6746,4371
POTTIAPURAM:6446,4511, 6474,4491, 6461,4476, 6421,4436, 6388,4424, 6377,4471, 6446,4511
POTTIAPURAM:6308,4733, 6356,4708, 6397,4676, 6375,4658, 6333,4637, 6316,4651, 6291,4711, 6308,4733
POTTIAPURAM:6489,4016, 6469,3995, 6437,3971, 6404,3959, 6410,3916, 6463,3870, 6445,3806, 6456,3800, 6472,3792, 6583,3819, 6599,3823, 6577,3874, 6560,3930, 6552,3953, 6526,3975, 6489,4016
POTTIAPURAM:6927,4002, 6858,3967, 6857,3926, 6898,3914, 6935,3910, 6968,3936, 6980,3975, 6960,3987, 6927,4002
THATHIYAMPATTY:5483,4070, 5450,4142, 5438,4191, 5504,4247, 5525,4250, 5552,4196, 5562,4162, 5588,4110, 5615,4122, 5614,4138, 5589,4173, 5573,4187, 5521,4294, 5518,4364, 5505,4441, 5491,4534, 5465,4542, 5432,4587, 5384,4587, 5303,4615, 5232,4612, 5207,4679, 5143,4717, 5106,4782, 5133,4929, 5125,5008, 5119,5085, 5085,5086, 4976,5070, 4868,5080, 4832,5061, 4772,4986, 4776,4897, 4792,4875, 4727,4838, 4715,4810, 4614,4800, 4559,4723, 4550,4626, 4560,4500, 4618,4386, 4640,4345, 4653,4304, 4698,4329, 4741,4356, 4800,4398, 4882,4435, 4896,4396, 4918,4286, 4960,4187, 4962,4180, 5041,4151, 5047,4087, 5032,4037, 5050,3960, 5165,3924, 5264,3957, 5308,3961, 5355,3975, 5400,4010, 5462,4057, 5483,4070
POTTIAPURAM:6402,4050, 6373,4049, 6327,4036, 6286,4041, 6247,4036, 6209,3987, 6231,3947, 6273,3963, 6297,3965, 6329,3973, 6361,3979, 6401,3995, 6406,4016, 6406,4039, 6402,4050
Gobinathapuram:8036,4007, 8218,4023, 8409,4093, 8500,4115, 8760,4180, 8891,4242, 9062,4361, 9098,4414, 9138,4388, 9148,4407, 9229,4511, 9245,4611, 9241,4651, 9171,4647, 9122,4617, 9101,4608, 9070,4670, 9027,4747, 9008,4782, 8973,4806, 8934,4856, 8856,4961, 8843,5029, 8873,5127, 8845,5188, 8766,5261, 8743,5347, 8721,5401, 8649,5470, 8538,5463, 8489,5478, 8448,5463, 8381,5438, 8292,5398, 8169,5351, 8106,5365, 8044,5336, 7981,5366, 7957,5402, 7917,5442, 7903,5455, 7877,5431, 7832,5365, 7808,5314, 7725,5223, 7601,5156, 7576,5103, 7615,5042, 7647,4937, 7634,4858, 7636,4857, 7626,4852, 7603,4839, 7574,4777, 7601,4708, 7583,4630, 7534,4573, 7398,4499, 7333,4487, 7274,4480, 7266,4479, 7260,4457, 7279,4358, 7335,4324, 7356,4246, 7411,4234, 7445,4214, 7493,4139, 7509,4089, 7548,4036, 7574,4001, 7689,4054, 7751,4044, 7817,4025, 7975,4033, 8036,4007
POTTIAPURAM:6618,4081, 6601,4073, 6574,4061, 6549,4016, 6573,4003, 6612,4033, 6618,4081
Kurumpatti R.F.:11952,4104, 11999,4156, 11993,4240, 11943,4310, 11921,4405, 11923,4500, 11906,4618, 11889,4741, 11881,4791, 11903,4934, 11915,5086, 11913,5212, 11942,5335, 11958,5406, 11959,5528, 11967,5656, 11941,5725, 11867,5817, 11749,5920, 11654,5991, 11480,6102, 11335,6195, 11173,6277, 11111,6328, 11032,6302, 10922,6258, 10760,6206, 10667,6178, 10520,6135, 10378,5973, 10280,5851, 10218,5804, 10038,5650, 9902,5531, 9751,5407, 9641,5304, 9602,5270, 9587,5221, 9634,5182, 9698,5143, 9728,5084, 9817,5014, 9923,4969, 10059,4970, 10157,4928, 10323,4865, 10463,4822, 10524,4783, 10667,4683, 10795,4581, 10841,4567, 10961,4461, 11052,4416, 11093,4389, 11166,4348, 11244,4307, 11326,4275, 11365,4264, 11377,4259, 11431,4193, 11473,4122, 11521,4051, 11617,4027, 11668,4030, 11762,4096, 11825,4162, 11876,4152, 11899,4138, 11922,4120, 11952,4104
KAMALAPURAM:5752,4228, 5762,4323, 5842,4419, 5912,4463, 5973,4595, 5969,4649, 6148,4750, 6283,4812, 6419,4897, 6514,4911, 6582,4803, 6640,4696, 6678,4683, 6818,4699, 6887,4642, 6948,4601, 7035,4645, 7104,4668, 7183,4633, 7223,4543, 7274,4480, 7333,4487, 7398,4499, 7534,4573, 7583,4630, 7601,4708, 7574,4777, 7603,4839, 7626,4852, 7636,4857, 7634,4858, 7647,4937, 7615,5042, 7576,5103, 7601,5156, 7725,5223, 7808,5314, 7832,5365, 7877,5431, 7903,5455, 7851,5506, 7824,5552, 7841,5572, 7817,5590, 7777,5586, 7701,5556, 7573,5523, 7495,5502, 7379,5547, 7332,5521, 7165,5476, 7083,5432, 7063,5393, 6990,5366, 6973,5368, 6949,5372, 6897,5318, 6842,5330, 6792,5358, 6768,5408, 6700,5391, 6616,5409, 6537,5381, 6467,5370, 6451,5438, 6447,5458, 6435,5516, 6420,5516, 6385,5496, 6336,5524, 6282,5611, 6218,5625, 6144,5702, 6096,5688, 6030,5679, 5993,5692, 5883,5653, 5788,5674, 5749,5635, 5686,5639, 5659,5677, 5609,5643, 5579,5633, 5547,5598, 5451,5562, 5460,5507, 5476,5478, 5475,5423, 5446,5421, 5447,5393, 5344,5348, 5227,5284, 5220,5212, 5157,5177, 5119,5085, 5125,5008, 5133,4929, 5106,4782, 5143,4717, 5207,4679, 5232,4612, 5303,4615, 5384,4587, 5432,4587, 5465,4542, 5491,4534, 5505,4441, 5518,4364, 5521,4294, 5573,4187, 5589,4173, 5614,4138, 5615,4122, 5667,4143, 5719,4210, 5739,4216, 5736,4232, 5752,4228
POTTIAPURAM:6796,4280, 6766,4263, 6733,4239, 6766,4213, 6781,4239, 6796,4280
POTTIAPURAM:6883,4284, 6860,4275, 6854,4230, 6878,4230, 6883,4284
THEKKAMPATTY:10961,4461, 10841,4567, 10795,4581, 10667,4683, 10524,4783, 10463,4822, 10323,4865, 10157,4928, 10059,4970, 9923,4969, 9817,5014, 9728,5084, 9698,5143, 9634,5182, 9587,5221, 9602,5270, 9641,5304, 9751,5407, 9902,5531, 10038,5650, 10218,5804, 10280,5851, 10378,5973, 10520,6135, 10667,6178, 10760,6206, 10922,6258, 11032,6302, 11111,6328, 11091,6343, 11082,6356, 11104,6363, 11094,6361, 11054,6359, 10981,6349, 10925,6396, 10896,6427, 10773,6596, 10742,6654, 10652,6779, 10579,6878, 10477,6973, 10358,7019, 10284,7062, 10181,7173, 10099,7091, 9970,6987, 9821,6858, 9779,6828, 9723,6763, 9723,6761, 9678,6764, 9634,6692, 9619,6708, 9491,6680, 9391,6675, 9289,6658, 9259,6718, 9194,6714, 9078,6695, 9033,6675, 8991,6671, 8925,6622, 8888,6617, 8831,6531, 8762,6499, 8753,6504, 8827,6407, 8821,6340, 8843,6279, 8893,6201, 8916,6131, 8955,6079, 8985,5997, 9033,5953, 9048,5990, 9132,6004, 9156,6003, 9149,5979, 9187,5923, 9246,5915, 9352,5891, 9369,5835, 9455,5696, 9436,5641, 9499,5572, 9601,5493, 9556,5439, 9542,5343, 9535,5287, 9495,5237, 9481,5200, 9482,5162, 9465,5095, 9462,5037, 9392,4992, 9360,4931, 9286,4806, 9237,4689, 9241,4651, 9245,4611, 9229,4511, 9148,4407, 9138,4388, 9154,4379, 9151,4337, 9210,4309, 9242,4332, 9275,4334, 9314,4341, 9402,4339, 9516,4279, 9648,4282, 9881,4323, 9973,4296, 10051,4247, 10147,4273, 10284,4323, 10494,4391, 10664,4421, 10897,4438, 10961,4461
U.MANAMANGALAM:4653,4304, 4640,4345, 4618,4386, 4560,4500, 4550,4626, 4559,4723, 4614,4800, 4715,4810, 4727,4838, 4792,4875, 4776,4897, 4772,4986, 4832,5061, 4868,5080, 4976,5070, 5085,5086, 5119,5085, 5089,5105, 5102,5194, 5093,5240, 5131,5307, 5116,5348, 5093,5362, 5033,5423, 4994,5445, 4922,5545, 4872,5629, 4842,5701, 4828,5776, 4807,5907, 4814,5980, 4757,6077, 4707,6142, 4663,6200, 4639,6227, 4606,6324, 4591,6404, 4581,6407, 4480,6384, 4415,6383, 4441,6347, 4407,6240, 4382,6115, 4328,5967, 4342,5878, 4325,5804, 4269,5781, 4268,5771, 4209,5788, 4131,5809, 4011,5811, 3912,5816, 3826,5815, 3781,5910, 3791,5976, 3790,6008, 3776,6010, 3725,5984, 3656,5939, 3614,5898, 3567,5883, 3464,5869, 3456,5880, 3388,5833, 3285,5774, 3227,5689, 3215,5638, 3207,5597, 3248,5558, 3309,5538, 3369,5520, 3332,5479, 3244,5412, 3241,5363, 3211,5428, 3155,5496, 3133,5525, 3062,5557, 2931,5509, 2827,5466, 2758,5446, 2722,5439, 2693,5417, 2664,5401, 2641,5345, 2605,5343, 2529,5301, 2486,5278, 2464,5307, 2413,5291, 2367,5346, 2345,5407, 2349,5428, 2353,5435, 2382,5538, 2415,5558, 2477,5598, 2449,5623, 2397,5699, 2391,5734, 2348,5792, 2276,5874, 2205,5970, 2153,6053, 2116,6145, 2090,6252, 2035,6334, 1937,6448, 1920,6448, 1900,6449, 1858,6380, 1785,6353, 1711,6355, 1589,6355, 1544,6349, 1508,6344, 1456,6309, 1459,6205, 1474,6116, 1469,6083, 1400,6027, 1324,5964, 1299,5881, 1298,5828, 1295,5752, 1289,5672, 1296,5638, 1375,5609, 1368,5543, 1450,5563, 1477,5566, 1450,5479, 1360,5434, 1300,5421, 1258,5401, 1242,5369, 1301,5330, 1370,5326, 1457,5322, 1506,5394, 1549,5420, 1619,5352, 1663,5283, 1736,5173, 1739,5165, 1778,5198, 1832,5222, 1901,5209, 1951,5151, 2007,5172, 2030,5161, 2047,5153, 2093,5092, 2161,5024, 2270,4955, 2314,4927, 2369,4865, 2497,4851, 2659,4886, 2690,4879, 2720,4872, 2721,4787, 2723,4694, 2834,4622, 2895,4554, 2956,4520, 3020,4514, 3052,4578, 3075,4642, 3144,4608, 3242,4590, 3223,4650, 3245,4670, 3297,4641, 3358,4597, 3368,4593, 3422,4689, 3475,4682, 3538,4695, 3546,4719, 3548,4755, 3568,4762, 3579,4792, 3606,4775, 3621,4765, 3632,4750, 3671,4689, 3704,4637, 3783,4604, 3893,4593, 3912,4581, 3974,4525, 3985,4477, 4027,4436, 4138,4463, 4232,4476, 4272,4425, 4257,4377, 4302,4343, 4308,4292, 4357,4255, 4391,4318, 4452,4370, 4535,4320, 4618,4285, 4653,4304
POTTIAPURAM:6746,4371, 6740,4371, 6691,4343, 6725,4329, 6741,4349, 6746,4371
POTTIAPURAM:6446,4511, 6377,4471, 6388,4424, 6421,4436, 6461,4476, 6474,4491, 6446,4511
Jagathavampatti:9241,4651, 9237,4689, 9286,4806, 9360,4931, 9392,4992, 9462,5037, 9465,5095, 9482,5162, 9481,5200, 9495,5237, 9535,5287, 9542,5343, 9556,5439, 9601,5493, 9499,5572, 9436,5641, 9455,5696, 9369,5835, 9352,5891, 9246,5915, 9187,5923, 9149,5979, 9156,6003, 9132,6004, 9048,5990, 9033,5953, 8985,5997, 8955,6079, 8916,6131, 8893,6201, 8843,6279, 8821,6340, 8827,6407, 8753,6504, 8749,6509, 8671,6544, 8597,6555, 8496,6616, 8435,6658, 8396,6638, 8337,6671, 8242,6694, 8176,6689, 8056,6657, 8019,6633, 7937,6678, 7840,6697, 7771,6721, 7720,6731, 7693,6747, 7650,6764, 7638,6767, 7593,6779, 7612,6756, 7620,6746, 7603,6674, 7616,6630, 7630,6563, 7671,6444, 7714,6383, 7820,6331, 7877,6223, 7890,6179, 7896,6150, 7891,6089, 7884,5969, 7910,5928, 7957,5923, 8038,5946, 8049,5970, 8124,6009, 8115,5898, 8089,5822, 8063,5793, 8053,5749, 7952,5684, 7891,5631, 7866,5600, 7841,5572, 7824,5552, 7851,5506, 7903,5455, 7917,5442, 7957,5402, 7981,5366, 8044,5336, 8106,5365, 8169,5351, 8292,5398, 8381,5438, 8448,5463, 8489,5478, 8538,5463, 8649,5470, 8721,5401, 8743,5347, 8766,5261, 8845,5188, 8873,5127, 8843,5029, 8856,4961, 8934,4856, 8973,4806, 9008,4782, 9027,4747, 9070,4670, 9101,4608, 9122,4617, 9171,4647, 9241,4651
POTTIAPURAM:6308,4733, 6291,4711, 6316,4651, 6333,4637, 6375,4658, 6397,4676, 6356,4708, 6308,4733
THOLASAMPATTY:727,4789, 784,4800, 806,4858, 788,4920, 780,4950, 785,5014, 812,5059, 863,5049, 895,5024, 907,5004, 946,5009, 971,4999, 1050,5023, 1054,5075, 1091,5105, 1144,5118, 1208,5122, 1277,5115, 1334,5063, 1377,5061, 1449,5074, 1528,5104, 1561,5107, 1606,5064, 1632,5040, 1683,5093, 1722,5150, 1739,5165, 1736,5173, 1663,5283, 1619,5352, 1549,5420, 1506,5394, 1457,5322, 1370,5326, 1301,5330, 1242,5369, 1258,5401, 1300,5421, 1360,5434, 1450,5479, 1477,5566, 1450,5563, 1368,5543, 1375,5609, 1296,5638, 1289,5672, 1295,5752, 1298,5828, 1299,5881, 1324,5964, 1400,6027, 1469,6083, 1474,6116, 1459,6205, 1456,6309, 1508,6344, 1544,6349, 1495,6429, 1461,6425, 1448,6423, 1435,6423, 1387,6420, 1381,6421, 1374,6417, 1353,6411, 1275,6399, 1203,6355, 1160,6366, 1199,6450, 1217,6508, 1114,6539, 1113,6534, 1041,6523, 959,6479, 979,6437, 938,6422, 867,6428, 842,6481, 796,6525, 723,6530, 648,6491, 564,6461, 560,6427, 521,6370, 441,6339, 366,6327, 273,6314, 233,6334, 151,6319, 88,6277, 99,6251, 85,6210, 105,6199, 73,6155, 13,6150, 0,6142, 45,6077, 82,6024, 139,5915, 170,5838, 182,5817, 252,5710, 291,5641, 303,5599, 323,5539, 356,5446, 381,5411, 467,5402, 490,5361, 533,5323, 542,5287, 573,5234, 614,5162, 605,5140, 615,5120, 677,5001, 686,4908, 704,4835, 727,4789
KOTTAMETTUPATTY:6420,5516, 6446,5531, 6480,5505, 6498,5529, 6589,5539, 6635,5559, 6683,5637, 6735,5721, 6774,5810, 6777,5864, 6778,5874, 6767,5915, 6686,5956, 6669,5944, 6590,5887, 6526,5851, 6508,5840, 6476,5888, 6410,5928, 6417,5999, 6418,6017, 6332,6000, 6253,6049, 6217,5963, 6176,5930, 6169,5935, 6067,5912, 6008,5925, 5934,5940, 5958,6035, 5995,6112, 6034,6193, 6016,6255, 6016,6279, 6015,6331, 6009,6361, 5992,6462, 6011,6474, 6069,6497, 6188,6502, 6337,6482, 6353,6476, 6319,6532, 6369,6588, 6496,6693, 6512,6705, 6654,6749, 6741,6836, 6837,6917, 6921,6956, 6931,6981, 6943,7012, 6935,7151, 6837,7175, 6662,7255, 6603,7270, 6541,7286, 6464,7305, 6381,7341, 6329,7293, 6253,7223, 6237,7176, 6216,7092, 6165,7008, 6154,7011, 6097,7027, 5980,7032, 5878,7029, 5800,7040, 5749,7015, 5674,7043, 5625,7046, 5594,7056, 5532,7114, 5493,7110, 5462,7064, 5325,7006, 5263,6987, 5270,6975, 5303,6908, 5388,6856, 5406,6833, 5385,6772, 5364,6687, 5428,6578, 5372,6547, 5368,6446, 5413,6332, 5445,6316, 5532,6277, 5568,6250, 5475,6143, 5361,6058, 5233,5996, 5096,5962, 4954,5957, 4814,5980, 4807,5907, 4828,5776, 4842,5701, 4872,5629, 4922,5545, 4994,5445, 5033,5423, 5093,5362, 5116,5348, 5131,5307, 5093,5240, 5102,5194, 5089,5105, 5119,5085, 5157,5177, 5220,5212, 5227,5284, 5344,5348, 5447,5393, 5446,5421, 5475,5423, 5476,5478, 5460,5507, 5451,5562, 5547,5598, 5579,5633, 5609,5643, 5659,5677, 5686,5639, 5749,5635, 5788,5674, 5883,5653, 5993,5692, 6030,5679, 6096,5688, 6144,5702, 6218,5625, 6282,5611, 6336,5524, 6385,5496, 6420,5516
THINDAMANGALAM:3456,5880, 3447,5891, 3418,5964, 3338,5987, 3286,6044, 3254,6056, 3242,6107, 3252,6155, 3234,6174, 3186,6239, 3148,6288, 3100,6382, 3056,6538, 3040,6617, 3034,6718, 2971,6722, 2973,6791, 2982,6862, 2959,6916, 2920,6906, 2900,6843, 2871,6759, 2867,6719, 2785,6659, 2708,6676, 2715,6696, 2650,6681, 2590,6672, 2525,6659, 2507,6665, 2407,6693, 2401,6728, 2375,6762, 2362,6834, 2351,6920, 2354,6965, 2334,7099, 2280,7115, 2244,7101, 2229,7196, 2174,7205, 2104,7209, 2062,7216, 2032,7230, 1999,7213, 1947,7169, 1939,7076, 1917,7012, 1947,6953, 1967,6915, 2018,6826, 2013,6799, 2040,6767, 2046,6719, 2040,6667, 1995,6584, 1945,6584, 1898,6488, 1920,6448, 1937,6448, 2035,6334, 2090,6252, 2116,6145, 2153,6053, 2205,5970, 2276,5874, 2348,5792, 2391,5734, 2397,5699, 2449,5623, 2477,5598, 2415,5558, 2382,5538, 2353,5435, 2349,5428, 2345,5407, 2367,5346, 2413,5291, 2464,5307, 2486,5278, 2529,5301, 2605,5343, 2641,5345, 2664,5401, 2693,5417, 2722,5439, 2758,5446, 2827,5466, 2931,5509, 3062,5557, 3133,5525, 3155,5496, 3211,5428, 3241,5363, 3244,5412, 3332,5479, 3369,5520, 3309,5538, 3248,5558, 3207,5597, 3215,5638, 3227,5689, 3285,5774, 3388,5833, 3456,5880
NARANAMPALAYAM:7841,5572, 7866,5600, 7891,5631, 7952,5684, 8053,5749, 8063,5793, 8089,5822, 8115,5898, 8124,6009, 8049,5970, 8038,5946, 7957,5923, 7910,5928, 7884,5969, 7891,6089, 7896,6150, 7890,6179, 7877,6223, 7820,6331, 7714,6383, 7671,6444, 7630,6563, 7616,6630, 7603,6674, 7620,6746, 7612,6756, 7611,6755, 7563,6775, 7537,6790, 7533,6789, 7473,6761, 7444,6701, 7390,6711, 7378,6638, 7433,6583, 7427,6495, 7371,6447, 7299,6449, 7293,6470, 7280,6529, 7255,6618, 7174,6623, 7137,6520, 7151,6412, 7176,6314, 7275,6153, 7290,6093, 7255,6048, 7193,6086, 7072,6090, 6982,6068, 6936,6019, 6912,6033, 6847,5990, 6847,5927, 6815,5890, 6777,5864, 6774,5810, 6735,5721, 6683,5637, 6635,5559, 6589,5539, 6498,5529, 6480,5505, 6446,5531, 6420,5516, 6435,5516, 6447,5458, 6451,5438, 6467,5370, 6537,5381, 6616,5409, 6700,5391, 6768,5408, 6792,5358, 6842,5330, 6897,5318, 6949,5372, 6973,5368, 6990,5366, 7063,5393, 7083,5432, 7165,5476, 7332,5521, 7379,5547, 7495,5502, 7573,5523, 7701,5556, 7777,5586, 7817,5590, 7841,5572
KOTTAIMARIAMMANKOVIL:4591,6404, 4578,6469, 4345,7157, 4333,7185, 4324,7214, 4317,7244, 4313,7274, 4312,7305, 4314,7335, 4332,7399, 4375,7450, 4433,7481, 4499,7487, 4562,7467, 4613,7424, 4665,7360, 4716,7295, 4820,7165, 4871,7100, 4923,7036, 4950,7013, 4983,7003, 5018,7006, 5049,7023, 5071,7050, 5081,7083, 5086,7102, 5097,7119, 5114,7130, 5133,7135, 5152,7134, 5171,7126, 5191,7160, 5233,7186, 5292,7217, 5303,7306, 5394,7372, 5467,7391, 5538,7435, 5509,7506, 5442,7621, 5381,7684, 5327,7740, 5268,7719, 5223,7739, 5113,7779, 5004,7781, 4939,7821, 4813,7829, 4697,7906, 4615,8030, 4581,8080, 4469,8087, 4359,8146, 4234,8258, 4148,8357, 4142,8352, 4172,7975, 4184,7948, 4192,7921, 4195,7892, 4194,7864, 4190,7836, 4181,7809, 4176,7795, 4173,7781, 4171,7767, 4171,7753, 4173,7739, 4176,7726, 4188,7685, 4212,7605, 4251,7485, 4254,7472, 4249,7459, 4237,7451, 4223,7451, 4212,7459, 4207,7472, 4205,7487, 4202,7502, 4198,7516, 4192,7530, 4185,7543, 4176,7555, 4167,7564, 4157,7570, 4145,7572, 4132,7571, 4121,7567, 4111,7559, 4062,7518, 4007,7487, 3947,7465, 3884,7455, 3820,7456, 3757,7468, 3743,7469, 3731,7462, 3726,7449, 3729,7435, 3739,7426, 3753,7424, 3763,7423, 3773,7418, 3779,7408, 3779,7397, 3775,7387, 3766,7380, 3700,7353, 3634,7327, 3567,7303, 3500,7280, 3432,7258, 3364,7238, 3358,7236, 3352,7232, 3348,7227, 3342,7215, 3342,7208, 3352,7147, 3398,7092, 3440,6994, 3470,6982, 3550,7000, 3626,6994, 3673,6933, 3698,6886, 3737,6829, 3757,6797, 3788,6733, 3828,6645, 3868,6577, 3879,6506, 3868,6443, 3884,6381, 3861,6265, 3826,6209, 3821,6156, 3844,6058, 3789,6021, 3790,6008, 3791,5976, 3781,5910, 3826,5815, 3912,5816, 4011,5811, 4131,5809, 4209,5788, 4268,5771, 4269,5781, 4325,5804, 4342,5878, 4328,5967, 4382,6115, 4407,6240, 4441,6347, 4415,6383, 4480,6384, 4581,6407, 4591,6404
ETTIKUTTAPATTY:7533,6789, 7533,6797, 7500,6818, 7377,6879, 7335,6890, 7223,6944, 7191,6946, 7125,6922, 7097,6916, 7046,6909, 7023,6906, 6956,6956, 6931,6981, 6921,6956, 6837,6917, 6741,6836, 6654,6749, 6512,6705, 6496,6693, 6369,6588, 6319,6532, 6353,6476, 6337,6482, 6188,6502, 6069,6497, 6011,6474, 5992,6462, 6009,6361, 6015,6331, 6016,6279, 6016,6255, 6034,6193, 5995,6112, 5958,6035, 5934,5940, 6008,5925, 6067,5912, 6169,5935, 6176,5930, 6217,5963, 6253,6049, 6332,6000, 6418,6017, 6417,5999, 6410,5928, 6476,5888, 6508,5840, 6526,5851, 6590,5887, 6669,5944, 6686,5956, 6767,5915, 6778,5874, 6777,5864, 6815,5890, 6847,5927, 6847,5990, 6912,6033, 6936,6019, 6982,6068, 7072,6090, 7193,6086, 7255,6048, 7290,6093, 7275,6153, 7176,6314, 7151,6412, 7137,6520, 7174,6623, 7255,6618, 7280,6529, 7293,6470, 7299,6449, 7371,6447, 7427,6495, 7433,6583, 7378,6638, 7390,6711, 7444,6701, 7473,6761, 7533,6789
PACHANAMPATTY:3790,6008, 3789,6021, 3844,6058, 3821,6156, 3826,6209, 3861,6265, 3884,6381, 3868,6443, 3879,6506, 3868,6577, 3828,6645, 3788,6733, 3757,6797, 3737,6829, 3698,6886, 3673,6933, 3626,6994, 3550,7000, 3470,6982, 3440,6994, 3398,7092, 3352,7147, 3328,7140, 3247,7116, 3197,7089, 3129,7094, 3076,7108, 3021,7114, 2943,7063, 2863,7079, 2795,7055, 2698,7046, 2695,6953, 2740,6912, 2790,6912, 2812,6839, 2723,6810, 2725,6727, 2715,6696, 2708,6676, 2785,6659, 2867,6719, 2871,6759, 2900,6843, 2920,6906, 2959,6916, 2982,6862, 2973,6791, 2971,6722, 3034,6718, 3040,6617, 3056,6538, 3100,6382, 3148,6288, 3186,6239, 3234,6174, 3252,6155, 3242,6107, 3254,6056, 3286,6044, 3338,5987, 3418,5964, 3447,5891, 3456,5880, 3464,5869, 3567,5883, 3614,5898, 3656,5939, 3725,5984, 3776,6010, 3790,6008
Omalur:4814,5980, 4954,5957, 5096,5962, 5233,5996, 5361,6058, 5475,6143, 5568,6250, 5532,6277, 5445,6316, 5413,6332, 5368,6446, 5372,6547, 5428,6578, 5364,6687, 5385,6772, 5406,6833, 5388,6856, 5303,6908, 5270,6975, 5263,6987, 5258,6986, 5214,6986, 5197,7060, 5171,7126, 5152,7134, 5133,7135, 5114,7130, 5097,7119, 5086,7102, 5081,7083, 5071,7050, 5049,7023, 5018,7006, 4983,7003, 4950,7013, 4923,7036, 4871,7100, 4820,7165, 4716,7295, 4665,7360, 4613,7424, 4562,7467, 4499,7487, 4433,7481, 4375,7450, 4332,7399, 4314,7335, 4312,7305, 4313,7274, 4317,7244, 4324,7214, 4333,7185, 4345,7157, 4578,6469, 4591,6404, 4606,6324, 4639,6227, 4663,6200, 4707,6142, 4757,6077, 4814,5980
PERIYERIPATTI:1920,6448, 1898,6488, 1945,6584, 1995,6584, 2040,6667, 2046,6719, 2040,6767, 2013,6799, 2018,6826, 1967,6915, 1947,6953, 1917,7012, 1939,7076, 1947,7169, 1999,7213, 2032,7230, 2035,7247, 1965,7357, 2044,7392, 2176,7405, 2302,7389, 2368,7366, 2391,7511, 2427,7629, 2468,7685, 2432,7726, 2434,7795, 2229,7721, 2136,7699, 2124,7797, 2161,7854, 2075,7856, 2046,7876, 2032,7886, 1993,7942, 1907,7874, 1821,7829, 1814,7826, 1719,7772, 1675,7772, 1666,7775, 1656,7847, 1603,7872, 1554,7875, 1488,7871, 1413,7869, 1399,7869, 1317,7860, 1200,7826, 1197,7825, 1154,7865, 1088,7985, 1070,8033, 1003,7997, 950,7982, 876,7950, 785,7977, 723,8002, 686,7970, 696,7883, 609,7765, 585,7729, 516,7676, 459,7625, 409,7648, 451,7589, 474,7514, 472,7459, 494,7402, 528,7399, 550,7366, 586,7344, 610,7335, 639,7323, 600,7272, 601,7173, 595,7141, 589,7117, 556,7071, 545,7056, 514,7032, 472,7028, 422,6966, 384,6883, 449,6845, 421,6735, 427,6700, 535,6702, 585,6688, 600,6703, 625,6687, 678,6675, 693,6621, 742,6605, 773,6600, 833,6573, 855,6575, 901,6561, 951,6572, 1013,6573, 1049,6570, 1116,6559, 1114,6539, 1217,6508, 1199,6450, 1160,6366, 1203,6355, 1275,6399, 1353,6411, 1374,6417, 1381,6421, 1387,6420, 1435,6423, 1448,6423, 1461,6425, 1495,6429, 1544,6349, 1589,6355, 1711,6355, 1785,6353, 1858,6380, 1900,6449, 1920,6448
GOLLAPATTY:8831,6531, 8793,6595, 8745,6668, 8599,6820, 8563,6883, 8540,6950, 8483,7038, 8469,7080, 8515,7093, 8431,7157, 8323,7278, 8260,7338, 8217,7365, 8128,7331, 8080,7306, 8033,7293, 8003,7297, 7840,7348, 7749,7367, 7683,7365, 7668,7330, 7636,7266, 7606,6913, 7650,6764, 7693,6747, 7720,6731, 7771,6721, 7840,6697, 7937,6678, 8019,6633, 8056,6657, 8176,6689, 8242,6694, 8337,6671, 8396,6638, 8435,6658, 8496,6616, 8597,6555, 8671,6544, 8749,6509, 8753,6504, 8762,6499, 8831,6531
MOONGILPADY:8831,6531, 8888,6617, 8925,6622, 8991,6671, 9033,6675, 9078,6695, 9194,6714, 9259,6718, 9289,6658, 9391,6675, 9491,6680, 9619,6708, 9634,6692, 9678,6764, 9723,6761, 9723,6763, 9779,6828, 9821,6858, 9970,6987, 10099,7091, 10181,7173, 10163,7193, 10077,7313, 9984,7462, 9948,7495, 9855,7476, 9731,7459, 9449,7447, 9261,7414, 9113,7371, 8936,7312, 8864,7231, 8788,7172, 8624,7125, 8515,7093, 8469,7080, 8483,7038, 8540,6950, 8563,6883, 8599,6820, 8745,6668, 8793,6595, 8831,6531
M.CHETTYPATTY:3328,7140, 3326,7156, 3324,7171, 3320,7187, 3316,7202, 3311,7217, 3305,7232, 3267,7299, 3232,7369, 3200,7440, 3173,7513, 3150,7587, 3130,7663, 3129,7685, 3125,7707, 3120,7728, 3111,7749, 3101,7769, 3088,7787, 3081,7794, 3074,7800, 3067,7807, 3060,7813, 3052,7820, 3031,7838, 3019,7853, 3008,7869, 3000,7886, 2994,7904, 2991,7923, 2947,8008, 2909,8075, 2884,8107, 2814,8143, 2793,8223, 2744,8301, 2713,8328, 2651,8426, 2628,8443, 2558,8454, 2499,8478, 2456,8464, 2415,8458, 2408,8415, 2406,8365, 2396,8313, 2387,8292, 2345,8272, 2345,8173, 2275,8078, 2196,8008, 2100,7929, 2046,7876, 2075,7856, 2161,7854, 2124,7797, 2136,7699, 2229,7721, 2434,7795, 2432,7726, 2468,7685, 2427,7629, 2391,7511, 2368,7366, 2302,7389, 2176,7405, 2044,7392, 1965,7357, 2035,7247, 2032,7230, 2062,7216, 2104,7209, 2174,7205, 2229,7196, 2244,7101, 2280,7115, 2334,7099, 2354,6965, 2351,6920, 2362,6834, 2375,6762, 2401,6728, 2407,6693, 2507,6665, 2525,6659, 2590,6672, 2650,6681, 2715,6696, 2725,6727, 2723,6810, 2812,6839, 2790,6912, 2740,6912, 2695,6953, 2698,7046, 2795,7055, 2863,7079, 2943,7063, 3021,7114, 3076,7108, 3129,7094, 3197,7089, 3247,7116, 3328,7140
SANGEETHAPATTY:7650,6764, 7606,6913, 7636,7266, 7668,7330, 7683,7365, 7666,7365, 7605,7393, 7511,7391, 7458,7396, 7451,7423, 7375,7422, 7366,7449, 7313,7484, 7261,7480, 7126,7534, 7050,7537, 7011,7538, 6949,7519, 6913,7523, 6913,7516, 6902,7510, 6894,7499, 6860,7430, 6854,7418, 6823,7399, 6813,7402, 6774,7411, 6667,7437, 6565,7418, 6471,7347, 6464,7305, 6541,7286, 6603,7270, 6662,7255, 6837,7175, 6935,7151, 6943,7012, 6931,6981, 6956,6956, 7023,6906, 7046,6909, 7097,6916, 7125,6922, 7191,6946, 7223,6944, 7335,6890, 7377,6879, 7500,6818, 7533,6797, 7533,6789, 7537,6790, 7563,6775, 7611,6755, 7612,6756, 7593,6779, 7638,6767, 7650,6764
PULIAMPATTY:5263,6987, 5325,7006, 5462,7064, 5493,7110, 5532,7114, 5594,7056, 5625,7046, 5674,7043, 5749,7015, 5800,7040, 5878,7029, 5980,7032, 6097,7027, 6154,7011, 6165,7008, 6216,7092, 6237,7176, 6253,7223, 6329,7293, 6381,7341, 6364,7362, 6330,7398, 6270,7463, 6238,7460, 6199,7456, 6112,7466, 5999,7480, 5892,7468, 5790,7447, 5637,7403, 5554,7397, 5538,7435, 5467,7391, 5394,7372, 5303,7306, 5292,7217, 5233,7186, 5191,7160, 5171,7126, 5197,7060, 5214,6986, 5258,6986, 5263,6987
Karupur:8515,7093, 8624,7125, 8788,7172, 8864,7231, 8936,7312, 9113,7371, 9261,7414, 9449,7447, 9731,7459, 9855,7476, 9948,7495, 9904,7534, 9756,7589, 9722,7610, 9686,7625, 9583,7676, 9499,7708, 9388,7774, 9295,7839, 9123,7881, 9017,7935, 8970,7957, 8905,7992, 8872,8055, 8838,8099, 8820,8136, 8800,8174, 8802,8208, 8809,8329, 8700,8311, 8653,8400, 8517,8459, 8197,8608, 7968,8846, 7800,8935, 7772,8905, 7727,8858, 7680,8811, 7631,8766, 7574,8726, 7491,8678, 7558,8574, 7565,8503, 7505,8485, 7482,8462, 7484,8392, 7433,8368, 7431,8346, 7348,8275, 7349,8230, 7229,8217, 7176,8250, 7142,8268, 7064,8225, 7039,8134, 7034,8098, 7029,8070, 6959,8045, 6846,8020, 6838,7954, 6818,7862, 6748,7868, 6729,7895, 6692,7961, 6650,7979, 6585,7958, 6539,7909, 6514,7881, 6561,7843, 6592,7802, 6623,7790, 6692,7790, 6737,7793, 6803,7788, 6842,7779, 6880,7760, 6933,7728, 6938,7761, 6975,7753, 7000,7669, 7034,7576, 7050,7537, 7126,7534, 7261,7480, 7313,7484, 7366,7449, 7375,7422, 7451,7423, 7458,7396, 7511,7391, 7605,7393, 7666,7365, 7683,7365, 7749,7367, 7840,7348, 8003,7297, 8033,7293, 8080,7306, 8128,7331, 8217,7365, 8260,7338, 8323,7278, 8431,7157, 8515,7093
MUTHU NAICKANPATTY:3352,7147, 3342,7208, 3342,7215, 3348,7227, 3352,7232, 3358,7236, 3364,7238, 3432,7258, 3500,7280, 3567,7303, 3634,7327, 3700,7353, 3766,7380, 3775,7387, 3779,7397, 3779,7408, 3773,7418, 3763,7423, 3753,7424, 3739,7426, 3729,7435, 3726,7449, 3731,7462, 3743,7469, 3757,7468, 3820,7456, 3884,7455, 3947,7465, 4007,7487, 4062,7518, 4111,7559, 4121,7567, 4132,7571, 4145,7572, 4157,7570, 4167,7564, 4176,7555, 4185,7543, 4192,7530, 4198,7516, 4202,7502, 4205,7487, 4207,7472, 4212,7459, 4223,7451, 4237,7451, 4249,7459, 4254,7472, 4251,7485, 4212,7605, 4188,7685, 4176,7726, 4173,7739, 4171,7753, 4171,7767, 4173,7781, 4176,7795, 4181,7809, 4190,7836, 4194,7864, 4195,7892, 4192,7921, 4184,7948, 4172,7975, 4142,8352, 4148,8357, 4193,8396, 4218,8469, 4247,8594, 4240,8651, 4280,8714, 4361,8779, 4468,8861, 4512,8900, 4585,8964, 4662,8966, 4730,8945, 4849,8947, 4929,8933, 4922,9009, 4921,9012, 4928,9062, 4946,9147, 4923,9210, 4889,9234, 4848,9417, 4809,9473, 4789,9542, 4797,9608, 4771,9616, 4605,9602, 4547,9534, 4515,9518, 4425,9475, 4362,9503, 4352,9507, 4348,9509, 4320,9537, 4298,9596, 4278,9659, 4274,9704, 4271,9752, 4270,9755, 4283,9775, 4282,9776, 4153,9734, 4066,9689, 4022,9735, 3967,9700, 3898,9701, 3866,9614, 3794,9567, 3767,9615, 3726,9637, 3698,9686, 3660,9750, 3615,9715, 3566,9689, 3558,9604, 3582,9540, 3608,9511, 3591,9457, 3541,9457, 3545,9356, 3549,9233, 3541,9179, 3516,9109, 3467,9052, 3442,9018, 3417,8957, 3417,8920, 3426,8887, 3401,8846, 3376,8825, 3339,8813, 3289,8841, 3232,8907, 3143,8970, 3025,9105, 2935,9192, 2843,9256, 2779,9282, 2729,9306, 2698,9341, 2694,9373, 2708,9416, 2764,9445, 2811,9446, 2876,9458, 2902,9486, 2910,9533, 2867,9566, 2818,9566, 2767,9562, 2720,9548, 2687,9548, 2650,9550, 2615,9581, 2584,9589, 2554,9587, 2521,9594, 2508,9570, 2498,9502, 2409,9472, 2386,9402, 2388,9338, 2347,9274, 2269,9203, 2186,9179, 2136,9117, 2107,9045, 2096,9019, 2103,8975, 2104,8970, 2103,8956, 2104,8937, 2106,8868, 2122,8711, 2086,8639, 2121,8638, 2158,8591, 2172,8490, 2214,8451, 2328,8378, 2339,8315, 2345,8272, 2387,8292, 2396,8313, 2406,8365, 2408,8415, 2415,8458, 2456,8464, 2499,8478, 2558,8454, 2628,8443, 2651,8426, 2713,8328, 2744,8301, 2793,8223, 2814,8143, 2884,8107, 2909,8075, 2947,8008, 2991,7923, 2994,7904, 3000,7886, 3008,7869, 3019,7853, 3031,7838, 3052,7820, 3060,7813, 3067,7807, 3074,7800, 3081,7794, 3088,7787, 3101,7769, 3111,7749, 3120,7728, 3125,7707, 3129,7685, 3130,7663, 3150,7587, 3173,7513, 3200,7440, 3232,7369, 3267,7299, 3305,7232, 3311,7217, 3316,7202, 3320,7187, 3324,7171, 3326,7156, 3328,7140, 3352,7147
SELLAPPILLAI KUTTAI:6464,7305, 6471,7347, 6565,7418, 6667,7437, 6774,7411, 6813,7402, 6823,7399, 6854,7418, 6860,7430, 6894,7499, 6902,7510, 6913,7516, 6913,7523, 6911,7555, 6885,7641, 6866,7649, 6833,7664, 6810,7652, 6712,7634, 6710,7646, 6694,7651, 6676,7698, 6620,7716, 6611,7719, 6565,7731, 6501,7726, 6499,7727, 6485,7717, 6418,7769, 6275,7822, 6240,7830, 6186,7883, 6170,7943, 6132,7947, 6099,8059, 6059,8213, 6056,8246, 5847,8315, 5792,8324, 5732,8342, 5716,8376, 5722,8426, 5751,8501, 5785,8609, 5810,8707, 5794,8745, 5747,8723, 5673,8623, 5640,8693, 5628,8739, 5593,8846, 5502,8919, 5499,8848, 5517,8745, 5458,8716, 5428,8759, 5368,8875, 5242,8848, 5196,8906, 5154,8927, 5048,8941, 4948,8946, 4922,9009, 4929,8933, 4849,8947, 4730,8945, 4662,8966, 4585,8964, 4512,8900, 4468,8861, 4361,8779, 4280,8714, 4240,8651, 4247,8594, 4218,8469, 4193,8396, 4148,8357, 4234,8258, 4359,8146, 4469,8087, 4581,8080, 4615,8030, 4697,7906, 4813,7829, 4939,7821, 5004,7781, 5113,7779, 5223,7739, 5268,7719, 5327,7740, 5381,7684, 5442,7621, 5509,7506, 5538,7435, 5554,7397, 5637,7403, 5790,7447, 5892,7468, 5999,7480, 6112,7466, 6199,7456, 6238,7460, 6270,7463, 6330,7398, 6364,7362, 6381,7341, 6464,7305
KOTTAGOUNDAMPATTY:7050,7537, 7034,7576, 7000,7669, 6975,7753, 6938,7761, 6933,7728, 6880,7760, 6842,7779, 6803,7788, 6737,7793, 6692,7790, 6623,7790, 6592,7802, 6561,7843, 6514,7881, 6539,7909, 6585,7958, 6650,7979, 6692,7961, 6729,7895, 6748,7868, 6818,7862, 6838,7954, 6846,8020, 6959,8045, 7029,8070, 7034,8098, 7039,8134, 7064,8225, 7142,8268, 7176,8250, 7229,8217, 7349,8230, 7348,8275, 7431,8346, 7433,8368, 7484,8392, 7482,8462, 7505,8485, 7565,8503, 7558,8574, 7491,8678, 7441,8650, 7448,8604, 7374,8606, 7331,8643, 7248,8617, 7244,8681, 7139,8694, 7092,8686, 7037,8644, 6996,8625, 6930,8652, 6914,8662, 6877,8634, 6875,8591, 6881,8567, 6844,8575, 6813,8592, 6754,8675, 6717,8688, 6755,8555, 6699,8573, 6568,8582, 6471,8562, 6344,8589, 6271,8619, 6231,8568, 6171,8574, 6088,8553, 6030,8559, 6025,8567, 5986,8538, 5954,8458, 6031,8351, 6053,8272, 6056,8246, 6059,8213, 6099,8059, 6132,7947, 6170,7943, 6186,7883, 6240,7830, 6275,7822, 6418,7769, 6485,7717, 6499,7727, 6501,7726, 6565,7731, 6611,7719, 6620,7716, 6676,7698, 6694,7651, 6710,7646, 6712,7634, 6810,7652, 6833,7664, 6866,7649, 6885,7641, 6911,7555, 6913,7523, 6949,7519, 7011,7538, 7050,7537
SIKKAMPATTY:409,7648, 459,7625, 516,7676, 585,7729, 609,7765, 696,7883, 686,7970, 723,8002, 785,7977, 876,7950, 950,7982, 1003,7997, 1070,8033, 1088,7985, 1154,7865, 1197,7825, 1200,7826, 1317,7860, 1399,7869, 1413,7869, 1488,7871, 1554,7875, 1603,7872, 1656,7847, 1666,7775, 1675,7772, 1719,7772, 1814,7826, 1821,7829, 1907,7874, 1993,7942, 2032,7886, 2046,7876, 2100,7929, 2196,8008, 2275,8078, 2345,8173, 2345,8272, 2339,8315, 2328,8378, 2214,8451, 2172,8490, 2158,8591, 2121,8638, 2086,8639, 2038,8640, 2010,8691, 1979,8710, 1955,8742, 1924,8805, 1837,8797, 1789,8768, 1740,8739, 1699,8677, 1672,8694, 1627,8675, 1531,8543, 1507,8556, 1418,8574, 1355,8598, 1357,8680, 1341,8780, 1356,8808, 1367,8849, 1292,8864, 1239,8864, 1184,8881, 1081,8859, 1064,8902, 1063,8971, 1054,8969, 1018,8959, 961,8962, 936,8953, 914,8905, 846,8905, 769,8915, 768,8966, 769,9022, 782,9085, 711,9084, 637,9084, 578,9066, 589,9018, 617,8883, 622,8818, 659,8679, 679,8652, 640,8612, 592,8588, 571,8524, 605,8475, 634,8404, 620,8389, 575,8306, 552,8245, 531,8193, 518,8167, 498,8129, 469,8081, 442,8050, 421,8021, 405,7999, 366,7945, 384,7908, 390,7893, 389,7793, 390,7749, 393,7740, 390,7719, 409,7648
VELLAKKALPATTY:10122,8319, 10091,8339, 10009,8291, 9916,8305, 9785,8351, 9708,8404, 9662,8410, 9552,8351, 9492,8316, 9375,8323, 9327,8374, 9394,8529, 9394,8584, 9402,8618, 9397,8660, 9325,8675, 9255,8662, 9156,8661, 9087,8660, 9037,8637, 8991,8620, 8901,8651, 8796,8684, 8680,8755, 8611,8791, 8554,8852, 8491,8936, 8422,9010, 8354,9075, 8339,9080, 8275,9103, 8070,9188, 7966,9192, 7867,9224, 7772,9216, 7626,9209, 7652,9154, 7679,9085, 7677,9055, 7800,8935, 7968,8846, 8197,8608, 8517,8459, 8653,8400, 8700,8311, 8809,8329, 8923,8363, 9006,8330, 9407,8093, 9436,8076, 9538,8024, 9578,7990, 9647,7957, 9739,7943, 9799,7948, 9950,7930, 10046,7904, 10089,7901, 10239,7901, 10299,7893, 10397,7885, 10472,7844, 10572,7811, 10703,7813, 10731,7873, 10731,7887, 10684,7914, 10612,7928, 10563,7947, 10420,7945, 10370,7944, 10328,7963, 10246,7998, 10215,8014, 10186,8033, 10142,8072, 10134,8143, 10145,8222, 10148,8263, 10142,8306, 10122,8319
P.NALLAGOUNDAN PATTY:6914,8662, 6890,8676, 6855,8710, 6811,8791, 6793,8835, 6749,8957, 6713,9000, 6717,9079, 6761,9201, 6789,9230, 6841,9230, 6840,9233, 6841,9278, 6839,9322, 6839,9348, 6827,9436, 6813,9482, 6781,9619, 6774,9641, 6741,9689, 6740,9680, 6704,9664, 6626,9637, 6497,9614, 6462,9606, 6402,9592, 6343,9547, 6267,9522, 6218,9573, 6147,9554, 6073,9514, 5979,9478, 5985,9444, 6030,9411, 6093,9368, 6080,9323, 5995,9281, 5929,9222, 5995,9193, 6034,9186, 6010,9125, 5997,9093, 6052,9028, 6088,8955, 6051,8901, 6011,8845, 5957,8838, 5886,8866, 5886,8845, 5916,8783, 5883,8703, 5810,8707, 5785,8609, 5751,8501, 5722,8426, 5716,8376, 5732,8342, 5792,8324, 5847,8315, 6056,8246, 6053,8272, 6031,8351, 5954,8458, 5986,8538, 6025,8567, 6030,8559, 6088,8553, 6171,8574, 6231,8568, 6271,8619, 6344,8589, 6471,8562, 6568,8582, 6699,8573, 6755,8555, 6717,8688, 6754,8675, 6813,8592, 6844,8575, 6881,8567, 6875,8591, 6877,8634, 6914,8662
SAMINAICKEMPATTY:7491,8678, 7574,8726, 7631,8766, 7680,8811, 7727,8858, 7772,8905, 7800,8935, 7677,9055, 7673,9010, 7611,9028, 7565,9026, 7511,9067, 7448,9095, 7367,9148, 7315,9210, 7275,9272, 7209,9284, 7087,9232, 6955,9213, 6889,9229, 6841,9230, 6789,9230, 6761,9201, 6717,9079, 6713,9000, 6749,8957, 6793,8835, 6811,8791, 6855,8710, 6890,8676, 6914,8662, 6930,8652, 6996,8625, 7037,8644, 7092,8686, 7139,8694, 7244,8681, 7248,8617, 7331,8643, 7374,8606, 7448,8604, 7441,8650, 7491,8678
PAGALPATTY:5810,8707, 5883,8703, 5916,8783, 5886,8845, 5886,8866, 5957,8838, 6011,8845, 6051,8901, 6088,8955, 6052,9028, 5997,9093, 6010,9125, 6034,9186, 5995,9193, 5929,9222, 5995,9281, 6080,9323, 6093,9368, 6030,9411, 5985,9444, 5979,9478, 6073,9514, 6147,9554, 6218,9573, 6267,9522, 6343,9547, 6402,9592, 6462,9606, 6497,9614, 6626,9637, 6704,9664, 6740,9680, 6741,9689, 6750,9740, 6840,9787, 6869,9848, 6807,9965, 6851,10003, 6811,10113, 6809,10163, 6815,10265, 6790,10304, 6786,10339, 6676,10371, 6534,10358, 6493,10361, 6416,10382, 6363,10398, 6327,10411, 6288,10449, 6262,10483, 6241,10526, 6216,10616, 6194,10661, 6101,10657, 6086,10651, 6063,10641, 6019,10655, 5953,10660, 5860,10612, 5823,10593, 5782,10563, 5717,10536, 5669,10500, 5627,10447, 5554,10433, 5475,10497, 5261,10559, 5227,10543, 5167,10518, 5077,10475, 5020,10423, 5001,10396, 4974,10359, 4970,10326, 4987,10250, 5021,10145, 5053,10090, 5062,9979, 5144,9936, 5145,9811, 5113,9720, 5025,9651, 4961,9630, 4854,9591, 4797,9608, 4789,9542, 4809,9473, 4848,9417, 4889,9234, 4923,9210, 4946,9147, 4928,9062, 4921,9012, 4922,9009, 4948,8946, 5048,8941, 5154,8927, 5196,8906, 5242,8848, 5368,8875, 5428,8759, 5458,8716, 5517,8745, 5499,8848, 5502,8919, 5593,8846, 5628,8739, 5640,8693, 5673,8623, 5747,8723, 5794,8745, 5810,8707
SEMMAN KUDAL:3541,9457, 3489,9457, 3453,9493, 3437,9583, 3379,9600, 3341,9613, 3340,9638, 3316,9699, 3254,9765, 3215,9802, 3191,9842, 3161,9874, 3197,9911, 3138,9990, 3092,10015, 3066,10027, 3019,10066, 2966,10021, 2953,10037, 2902,10066, 2786,10082, 2780,10081, 2783,10073, 2751,10045, 2689,9997, 2713,9936, 2695,9846, 2683,9776, 2571,9743, 2548,9641, 2521,9594, 2554,9587, 2584,9589, 2615,9581, 2650,9550, 2687,9548, 2720,9548, 2767,9562, 2818,9566, 2867,9566, 2910,9533, 2902,9486, 2876,9458, 2811,9446, 2764,9445, 2708,9416, 2694,9373, 2698,9341, 2729,9306, 2779,9282, 2843,9256, 2935,9192, 3025,9105, 3143,8970, 3232,8907, 3289,8841, 3339,8813, 3376,8825, 3401,8846, 3426,8887, 3417,8920, 3417,8957, 3442,9018, 3467,9052, 3516,9109, 3541,9179, 3549,9233, 3545,9356, 3541,9457
MANGUPPAI:8275,9103, 8205,9167, 8154,9231, 8048,9326, 7971,9385, 7881,9383, 7843,9373, 7750,9410, 7715,9371, 7606,9391, 7478,9440, 7431,9467, 7390,9590, 7391,9658, 7351,9709, 7336,9716, 7268,9748, 7127,9754, 7062,9763, 6869,9848, 6840,9787, 6750,9740, 6741,9689, 6774,9641, 6781,9619, 6813,9482, 6827,9436, 6839,9348, 6839,9322, 6841,9278, 6840,9233, 6841,9230, 6889,9229, 6955,9213, 7087,9232, 7209,9284, 7275,9272, 7315,9210, 7367,9148, 7448,9095, 7511,9067, 7565,9026, 7611,9028, 7673,9010, 7677,9055, 7679,9085, 7652,9154, 7626,9209, 7772,9216, 7867,9224, 7966,9192, 8070,9188, 8275,9103
